-0.1786827458947901 -178.6827458947901
-0.1651471271023019 13.53561879248816
-0.1630488542676886 2.098272834613252
-0.1613217388289594 1.727115438729249
-0.1600383948582088 1.283343970750583
-0.1592858720357164 0.7525228224924407
-0.1600956898074589 -0.8098177717424937
-0.1604989075428398 -0.4032177353809618
-0.1651631770750929 -4.664269532253046
-0.1621486282987135 3.014548776379355
-0.160498355226144 1.650273072569541
-0.1607678320561693 -0.2694768300253725
-0.1615733380172173 -0.8055059610479753
-0.1593681644697136 2.205173547503769
-0.1586460009058869 0.7221635638266222
-0.1544441936619758 4.201807243911087
-0.1560276993743085 -1.583505712332706
-0.1487822343491307 7.245465025177894
-0.1478375948784786 0.9446394706520977
-0.1395732260711798 8.264368807298805
-0.1349844205526487 4.58880551853108
-0.1316360878658634 3.348332686785221
-0.1250715328485024 6.564555017361057
-0.1201392595380879 4.932273310414528
-0.123122641414652 -2.983381876564092
-0.1118700913190441 11.25255009560781
-0.1086461752937177 3.22391602532647
-0.1071682600402715 1.477915253446135
-0.1011558622951734 6.012397745098097
-0.09986457786286211 1.291284432311329
-0.09739605817523754 2.468519687624571
-0.0940405368578968 3.355521317340737
-0.09408725031272754 -0.04671345483073241
-0.09454156216170764 -0.4543118489801073
-0.09152999908859774 3.011563073109902
-0.09010057349940725 1.429425589190486
-0.09629214030357891 -6.191566804171655
-0.08971232333370628 6.579816969872629
-0.08969491175736426 0.01741157634202462
-0.0897289498043065 -0.03403804694224188
-0.09117263623590438 -1.443686431597882
-0.09283501610424796 -1.662379868343583
-0.09103174121690177 1.80327488734619
-0.09220147154467948 -1.169730327777702
-0.08917104065459672 3.030430890082758
-0.08988640967142278 -0.7153690168260618
-0.08909595891162239 0.7904507598003874
-0.08686105238579556 2.234906525826835
-0.08854015111563636 -1.679098729840803
-0.08757272920965514 0.9674219059812167
-0.08343706524703284 4.135663962622299
-0.08340335134543905 0.0337139015937904
-0.08155732566870347 1.846025676735585
-0.07911055112917184 2.446774539531626
-0.08011723456826068 -1.006683439088843
-0.07748223760824409 2.634996960016594
-0.07651633449072859 0.9659031175155014
-0.07387028311937807 2.646051371350516
-0.07725309261312155 -3.382809493743477
-0.07181678835533022 5.436304257791333
-0.07325043226868234 -1.433643913352128
-0.07028719875101859 2.963233517663755
-0.06960696130343189 0.680237447586704
-0.07006233655625438 -0.455375252822493
-0.07120047812577149 -1.138141569517109
-0.06829655575146462 2.903922374306867
-0.07359676922286275 -5.300213471398127
-0.06784740108362078 5.74936813924197
-0.06771367160234332 0.1337294812774614
-0.06856312015238998 -0.8494485500466636
-0.06765519382533706 0.9079263270529159
-0.06766190989560267 -0.006716070265602725
-0.07105359236775423 -3.391682472151561
-0.06893381185779374 2.119780509960492
-0.07120227658809619 -2.268464730302455
-0.06826004257933052 2.94223400876567
-0.06870555786269168 -0.4455152833611614
-0.06930813676632894 -0.6025789036372547
-0.07158194304834038 -2.273806282011445
-0.07091211317558313 0.6698298727572521
-0.07438249006629816 -3.470376890715027
-0.07320450923602667 1.177980830271486
-0.07475154181085918 -1.547032574832505
-0.0776398970525834 -2.888355241724219
-0.07707702796787509 0.5628690847083034
-0.07747268985522279 -0.3956618873477008
-0.07840315280549448 -0.9304629502716877
-0.07848852727678833 -0.08537447129385034
-0.08050022909252216 -2.011701815733832
-0.07867897852099663 1.821250571525532
-0.07844081797204602 0.2381605489506083
-0.08048271726599474 -2.041899293948712
-0.07771808300812247 2.764634257872267
-0.07616668241687449 1.551400591247976
-0.07479208228877177 1.374600128102726
-0.07458574204165785 0.206340247113912
-0.07282110661353128 1.764635428126576
-0.07079904496096853 2.022061652562746
-0.06841521324319896 2.383831717769569
-0.06873193196279272 -0.3167187195937532
-0.06578626197634223 2.945669986450488
-0.06390208216449421 1.884179811848019
-0.06208777276530749 1.814309399186719
-0.05970101606668472 2.386756698622768
-0.05746363259132201 2.23738347536271
-0.05574211156442333 1.721521026898681
-0.05202178500150433 3.720326562918999
-0.04927383857582427 2.747946425680062
-0.04970272902560978 -0.4288904497855087
-0.04681120299697408 2.891526028635703
-0.04257653014666628 4.234672850307798
-0.03972509125136262 2.851438895303662
-0.03506597991795145 4.659111333411167
-0.03520322536355307 -0.1372454456016192
-0.02936107721490295 5.842148148650118
-0.02767200585264526 1.689071362257686
-0.02702306997256684 0.6489358800784231
-0.0220982219629158 4.924848009651043
-0.01949773028334622 2.600491679569574
-0.01579361539899801 3.704114884348214
-0.0162904674856148 -0.4968520866167961
-0.01946963280392591 -3.179165318311108
-0.01360740555185265 5.862227252073263
-0.01301788610054174 0.5895194513109107
-0.01708306943714727 -4.065183336605529
-0.01188848445465483 5.194584982492438
-0.01132493641974618 0.5635480349086494
-0.01328981627392015 -1.964879854173969
-0.01020942620371596 3.080390070204187
-0.01192614121985832 -1.716715016142359
-0.01016089370017688 1.765247519681443
-0.008849738503883634 1.311155196293245
-0.009243827817714685 -0.3940893138310517
-0.01069651732494038 -1.45268950722569
-0.007285070085621652 3.411447239318724
-0.006781669409301395 0.5034006763202561
-0.006986430839673951 -0.2047614303725556
-0.006448433617210813 0.5379972224631383
-0.005921307053750661 0.527126563460152
-0.00667294454909198 -0.7516374953413195
-0.004432166684181974 2.240777864910007
-0.00516792322333783 -0.7357565391558559
-0.003745761238359082 1.422161984978748
-0.003314799498514958 0.4309617398441236
-0.00289095927583135 0.423840222683608
-0.003390453986220457 -0.499494710389107
-0.002284298036803777 1.10615594941668
-0.001825913170721479 0.4583848660822982
-0.001368709358482699 0.4572038122387799
-0.001007736581776628 0.3609727767060712
-0.0004113844102722376 0.5963521715043902
-0.000192021533655771 0.2193628766164666
0 0.192021533655771
0 0
0 0
0 0
0 0
0 0
0 0
0 0
0 0
0 0
0 0
0 0
0 0
0 0
0 0
0 0
0 0
0 0
0 0
0 0
0 0
0 0
0 0
0 0
0 0
0 0
0 0
0 0
0 0
0 0
0 0
0 0
0 0
0 0
0 0
0 0
0 0
0 0
0 0
0 0
0 0
0 0
0 0
0 0
0 0
0 0
0 0
0 0
0 0
0 0
0 0
0 0
0 0
0 0
0 0
0 0
0 0
0 0
0 0
0 0
0 0
0 0
0 0
0 0
0 0
0 0
0 0
0 0
0 0
0 0
0 0
0 0
0 0
0 0
0 0
0 0
0 0
0 0
0 0
0 0
0 0
0 0
0 0
0 0
0 0
0 0
0 0
0 0
0 0
0 0
0 0
0 0
0 0
0 0
0 0
0 0
0 0
0 0
0 0
0 0
0 0
0 0
0 0
0 0
0 0
0 0
0 0
0 0
0 0
0 0
0 0
0 0
0 0
0 0
0 0
0 0
0 0
0 0
0 0
0 0
0 0
0 0
0 0
0 0
0 0
0 0
0 0
0 0
0 0
0 0
0 0
0 0
0 0
0 0
0 0
0 0
0 0
0 0
0 0
0 0
0 0
0 0
0 0
0 0
0 0
0 0
0 0
0 0
0 0
0 0
0 0
0 0
0 0
0 0
0 0
0 0
-0.0003249865255042206 -0.3249865255042206
-0.004608186810298304 -4.283200284794083
-0.008714362086283959 -4.106175275985655
-0.01029955280999215 -1.585190723708187
-0.01379958333010549 -3.500030520113341
-0.01742041377475532 -3.620830444649831
-0.0213842334794299 -3.963819704674586
-0.05020780333889734 -28.82356985946743
-0.03761305487730469 12.59474846159264
-0.03955694873320643 -1.94389385590174
-0.03886144327747036 0.6955054557360729
0 38.86144327747036
0 0
0 0
0 0
0 0
0 0
0 0
0 0
0 0
0 0
0 0
0 0
0 0
0 0
0 0
0 0
0 0
0 0
0 0
0 0
0 0
0 0
0 0
0 0
0 0
0 0
0 0
0 0
0 0
0 0
0 0
0 0
0 0
0 0
0 0
0 0
0 0
0 0
0 0
0 0
0 0
0 0
0 0
0 0
0 0
0 0
0 0
0 0
0 0
0 0
0 0
0 0
0 0
0 0
0 0
0 0
0 0
0 0
0 0
0 0
0 0
0 0
0 0
0 0
0 0
0 0
0 0
0 0
0 0
0 0
0 0
0 0
0 0
0 0
0 0
0 0
0 0
0 0
0 0
0 0
0 0
0 0
0 0
0 0
0 0
0 0
0 0
0 0
0 0
0 0
0 0
0 0
0 0
0 0
0 0
0 0
0 0
0 0
0 0
0 0
0 0
0 0
0 0
-0.0003462696340182294 -0.3462696340182294
-0.0003597439550413126 -0.01347432102308314
-0.001036606217533687 -0.676862262492374
-0.001548288213506746 -0.5116819959730592
-0.002433399368138074 -0.8851111546313286
-0.003998600757464168 -1.565201389326094
-0.006543733918385342 -2.545133160921174
-0.008885710153689838 -2.341976235304496
-0.01181437990713861 -2.928669753448772
-0.01480808636854943 -2.993706461410816
-0.0149116531127553 -0.1035667442058717
-0.01959911776675071 -4.687464653995415
-0.02342674554017939 -3.827627773428679
-0.02691308257356058 -3.486337033381182
-0.03181198685893367 -4.898904285373092
-0.03498487978417786 -3.172892925244197
-0.03962703185015422 -4.642152065976353
-0.04404138253225575 -4.414350682101532
-0.04313060235769271 0.9107801745630445
-0.05252634324797221 -9.395740890279502
-0.05766287955235114 -5.136536304378936
-0.06054269406404232 -2.879814511691177
-0.06513623001194292 -4.593535947900601
-0.07050237814934496 -5.366148137402035
-0.07437525023050484 -3.872872081159884
-0.08014084240251942 -5.765592172014583
-0.07931822135398953 0.8226210485298979
-0.08955050204434066 -10.23228069035113
-0.0948268991265997 -5.276397082259035
-0.1001779062429449 -5.35100711634523
-0.1056022088918619 -5.424302648916981
-0.1110977542351377 -5.495545343275801
-0.1166622683107164 -5.564514075578647
-0.1222930051275113 -5.630736816794976
-0.1326594616269736 -10.36645649946229
-0.137413596839191 -4.754135212217403
-0.1430040290010771 -5.590432161886066
-0.149260707329482 -6.256678328404957
-0.1604423792511223 -11.18167192164021
-0.1668412647422942 -6.39888549117193
-0.175239066459271 -8.397801716976822
-0.1821034442314611 -6.864377772190094
-0.1920313488476541 -9.927904616192972
-0.201341307400458 -9.309958552803893
-0.2063311234676609 -4.989816067202973
-0.2186980154911143 -12.3668920234534
-0.2269424248680363 -8.244409376921919
-0.2333784778824085 -6.43605301437225
-0.2406729613050512 -7.294483422642689
-0.2426040253546251 -1.931064049573855
-0.2465677486421717 -3.963723287546628
-0.2500442122592892 -3.476463617117564
-0.253112597536913 -3.068385277623764
-0.2547732064435176 -1.660608906604633
-0.2571422161474375 -2.369009703919844
-0.258790440181905 -1.648224034467516
-0.2596982516752564 -0.9078114933513959
-0.2600306255306296 -0.3323738553732136
-0.260963025333024 -0.9323998023943458
-0.2611557637791954 -0.1927384461714587
-0.2613505763122923 -0.1948125330968886
-0.2602833986293559 1.067177682936404
-0.2588444641996901 1.438934429665806
-0.2564523320432264 2.392132156463722
-0.2528847629333515 3.56756910987488
-0.2483710640559731 4.513698877378347
-0.2430738022668143 5.297261789158819
-0.2360760904327042 6.997711834110076
-0.2274477715754663 8.628318857237971
-0.2169287654480298 10.51900612743647
-0.2037326648029302 13.19610064509963
-0.1869344436436255 16.79822115930468
-0.1669325605027812 20.00188314084433
-0.1715361610407331 -4.603600537951946
-0.1650354839958003 17.99354031114947
0 0
0 0
0 0
