0.01323853840789188 -0.5154510001814053
0.017464672092478 4.280566552737834
0.02915569441506265 11.69102232258465
0.02950816513192908 0.3524707168664244
0.0289161109130155 -0.5920542189135763
0.0322216799610653 3.305569048049798
0.03085182237259194 -1.369857588473362
0.02431084289699499 -6.540979475596942
0.01983320097833298 -4.477641918662019
0.01731797945077642 -2.515221527556552
0.01781052796294374 0.4925485121673144
0.01904885951812479 1.238331555181053
0.01941247043177763 0.3636109136528343
0.02039996331247591 0.9874928806982881
0.02092590626937057 0.5259429568946518
0.02307232860961313 2.146422340242569
0.02422472356585629 1.152394956243155
0.0272252907600763 3.000567194220011
0.02848881828683943 1.263527526763127
0.03522488215519675 6.736063868357324
0.03919621612025544 3.971333965058686
0.04587992420415874 6.683708083903304
0.05072249194021229 4.84256773605355
0.05766173464715011 6.939242706937819
0.05840242234528564 0.7406876981355323
0.06838578097133197 9.983358626046323
0.07095094000411351 2.565159032781539
0.07287360678087784 1.922666776764337
0.08178281467951524 8.909207898637403
0.08349287927765696 1.710064598141714
0.08346019094744876 -0.03268833020819706
0.09008641888461519 6.626227937166426
0.09152612869496358 1.439709810348397
0.08751762932563664 -4.008499369326943
0.09002244230348276 2.504812977846119
0.0924678157838514 2.445373480368634
0.08501845557172988 -7.449360212121516
0.08956076584568945 4.542310273959571
0.09106547691337324 1.504711067683795
0.09043519315974499 -0.6302837536282524
0.08762288778490901 -2.812305374835983
0.08498014191457233 -2.64274587033668
0.08695110018205753 1.970958267485196
0.08704477099054306 0.09367080848553255
0.08722142186995505 0.1766508794119881
0.08789165424869438 0.6702323787393383
0.08822523060644623 0.3335763577518441
0.09075371203313079 2.528481426684562
0.08978068385110938 -0.9730281820214126
0.08852773833328954 -1.252945517819834
0.09131738813360515 2.78964980031561
0.0923899160928453 1.072527959240149
0.09324750475474518 0.8575886618998746
0.09552514803058776 2.277643275842581
0.09205719508943963 -3.467952941148128
0.09421619784800636 2.15900275856673
0.09555302148582039 1.336823637814025
0.09480458789720081 -0.7484335886195764
0.08726176884884083 -7.542819048359974
0.09223329498038754 4.971526131546708
0.08463078062337644 -7.602514357011105
0.08861959477369633 3.988814150319889
0.08615715564113545 -2.462439132560876
0.08209895177182645 -4.058203869308996
0.07957247382818834 -2.526477943638111
0.0777295950279978 -1.842878800190545
0.06697645246219655 -10.75314256580125
0.07170925208428339 4.732799622086836
0.06824563557400665 -3.46361651027674
0.0641470850496344 -4.098550524372246
0.06017815692744334 -3.96892812219106
0.05812541993387906 -2.052736993564279
0.05248914205868385 -5.636277875195217
0.05007871415351191 -2.410427905171937
0.04534227335960362 -4.736440793908288
0.04474955415210309 -0.5927192075005291
0.04100316797704957 -3.746386175053524
0.0372270392027041 -3.776128774345466
0.0326458727630704 -4.581166439633695
0.03019348935299578 -2.45238341007463
0.02550701877520275 -4.686470577793027
0.02320247142750857 -2.304547347694176
0.01973818598621098 -3.46428544129759
0.01712480627874586 -2.61337970746512
0.01499132769608661 -2.133478582659252
0.01301972586656551 -1.971601829521096
0.01131888738045607 -1.700838486109446
0.009790606422459802 -1.528280957996267
0.008489019331386627 -1.301587091073175
0.007452556813345728 -1.036462518040899
0.006714152400018058 -0.7384044133276696
0.006713868001999049 -0.0002843980190089454
0.005794423155806274 -0.9194448461927749
0.005248879899832967 -0.5455432559733076
0.004994457988279728 -0.2544219115532386
0.005249949184320972 0.255491196041244
0.004927132183672282 -0.3228170006486898
0.004632501031534028 -0.2946311521382543
0.00457142862732647 -0.06107240420755774
0.005047452833389269 0.476024206062799
0.004781827588807354 -0.2656252445819148
0.005088294268505128 0.3064666796977738
0.005167474111563012 0.07917984305788432
0.004700497777930009 -0.4669763336330032
0.005075134463968856 0.3746366860388466
0.004984416063509274 -0.09071840045958134
0.005199760033475729 0.2153439699664542
0.005453583648021029 0.2538236145453003
0.006348265863222315 0.8946822152012864
0.00661735406604848 0.2690882028261645
0.006621468375134056 0.004114309085576084
0.00715407926086065 0.5326108857265939
0.006932121514569583 -0.2219577462910672
0.007480204020540374 0.5480825059707913
0.007615379760955589 0.1351757404152148
0.008263576966382399 0.6481972054268106
0.008930676988631325 0.6671000222489253
0.008978857160762806 0.04818017213148104
0.009277317257524599 0.2984600967617934
0.009347134897470627 0.06981763994602826
0.009929064063130238 0.5819291656596112
0.01079654579188714 0.8674817287568967
0.01029268822918955 -0.5038575626975899
0.01061817550071618 0.325487271526639
0.01187678965932618 1.258614158609997
0.01117910652479687 -0.6976831345293071
0.01145824880120196 0.2791422764050859
0.01227392738043389 0.8156785792319352
0.01193024309122314 -0.3436842892107581
0.01239221297507527 0.4619698838521352
0.01254253675491337 0.1503237798380959
0.01272380851707287 0.1812717621595006
0.01291113992766232 0.1873314105894554
0.01364493475112523 0.7337948234629084
0.01279144890591546 -0.8534858452097678
0.01285190311488516 0.06045420896969196
0.01318973629579779 0.3378331809126365
0.01288764081121118 -0.3020954845866109
0.01286054507067517 -0.02709574053601574
0.01427911260780467 1.418567537129507
0.01275199573119909 -1.52711687660558
0.01372223888095109 0.9702431497519981
0.01250882987915188 -1.213409001799216
0.01234329619029502 -0.1655336888568559
0.01215475055699922 -0.188545633295796
0.01272246867769517 0.5677181206959498
0.01214740449944769 -0.5750641782474811
0.01197607084865755 -0.1713336507901467
0.01181134202944065 -0.1647288192168968
0.01208682008492108 0.2754780554804354
0.01105331098530917 -1.033509099611913
0.01173482765651221 0.6815166712030376
0.01079808750835985 -0.9367401481523585
0.01072202742911774 -0.07606007924211046
0.01111685301080656 0.3948255816888218
0.0110897726591921 -0.02708035161446548
0.01112469680742829 0.03492414823619804
0.01279527503148643 1.670578224058135
0.01072730113857211 -2.067973892914316
0.01077098819588431 0.04368705731219724
0.01081854199757315 0.04755380168883737
0.01181555594140334 0.997013943830189
0.01089879700447822 -0.9167589369251158
0.01138791596514445 0.4891189606662325
0.01136150249324757 -0.02641347189688559
0.01139746911028421 0.03596661703663892
0.01245932020814554 1.061851097861331
0.01093011155089038 -1.529208657255159
0.01088771693968079 -0.04239461120959277
0.01179714258976952 0.9094256500887312
0.01073882662819354 -1.058315961575981
0.01114631449026969 0.4074878620761533
0.01048105939807684 -0.6652550921928454
0.01133458294152052 0.8535235434436704
0.01124371689505672 -0.09086604646379483
0.0104723050939509 -0.7714118011058168
0.01084896619855164 0.3766611046007399
0.009516266358409882 -1.332699840141761
0.009224761238409393 -0.2915051200004896
0.008909100024100473 -0.3156612143089196
0.008590612631343652 -0.3184873927568211
0.008822141605721791 0.2315289743781389
0.01175437957714724 2.932237971425448
0.008487422199578409 -3.26695737756883
0.00772261106141203 -0.7648111381663791
0.008176001501071076 0.4533904396590459
0.007444683462689818 -0.7313180383812573
0.007933116893558878 0.4884334308690599
0.007273670217499122 -0.659446676059756
0.00721316878136664 -0.06050143613248182
0.007172391361693709 -0.04077741967293148
0.01105204061657408 3.87964925488037
0.00777820837154078 -3.273832245033299
0.007756459704307809 -0.02174866723297052
0.007765404738775693 0.008945034467883195
0.00713317824741868 -0.6322264913570128
0.007133355020053831 0.0001767726351513399
0.007134850324487321 0.001495304433490365
0.00777775469916665 0.6429043746793289
0.009289014075220359 1.511259376053709
0.008511685357630187 -0.7773287175901721
0.00715358875934029 -1.358096598289897
0.007806462902415597 0.6528741430753071
0.007806240922294135 -0.0002219801214621911
0.00715894512941912 -0.6472957928750147
0.008542040375799047 1.383095246379927
0.007169006726639649 -1.373033649159398
0.008564005755840655 1.394999029201006
0.007842196153515422 -0.7218096023252334
0.007855812237456879 0.01361608394145723
0.007198213430806537 -0.6575988066503416
0.007862019697104459 0.6638062662979215
0.007863938971794986 0.001919274690526801
0.008613319941571751 0.7493809697767649
0.007202210312380025 -1.411109629191725
0.00719962702926817 -0.002583283111854719
0.008611371980097988 1.411744950829818
0.007862844561473606 -0.7485274186243822
0.008600810700263341 0.7379661387897345
0.007183215644559038 -1.417595055704303
0.007851742957605068 0.6685273130460304
0.00717325281094083 -0.6784901466642383
0.008592463573904377 1.419210762963547
0.007161554303767827 -1.43090927013655
0.009405700049372037 2.24414574560421
0.007094263242080292 -2.311436807291745
0.007625647436641099 0.5313841945608078
0.007412010114176224 -0.2136373224648751
0.007209710264191824 -0.2022998499844001
0.006435132578227858 -0.7745776859639664
0.006890742465933668 0.4556098877058108
0.006772526189533907 -0.1182162763997616
0.007997977102817503 1.225450913283596
0.006046682748556516 -1.951294354260987
0.006510923167059567 0.4642404185030511
0.006416839075470531 -0.09408409158903619
0.00631934776408606 -0.09749131138447105
0.006226497092215412 -0.09285067187064701
0.005605114701821139 -0.6213823903942735
0.005508828814189273 -0.09628588763186621
0.005408195739690223 -0.1006330744990494
0.006938605279742022 1.530409540051798
0.006796365047663283 -0.1422402320787391
0.005607664126177583 -1.188700921485699
0.005025695452835895 -0.5819686733416883
0.004922246390196654 -0.1034490626392413
0.005268609576854403 0.3463631866577497
0.004736832954488881 -0.5317766223655223
0.005072054536251086 0.3352215817622053
0.005958400633247901 0.8863460969968148
0.004900843493813234 -1.057557139434667
0.004415343485770723 -0.4855000080425109
0.005171620302944846 0.7562768171741237
0.004299646510340727 -0.8719737926041193
0.004606296727651061 0.3066502173103341
0.004533910805462646 -0.07238592218841537
0.004089414157847557 -0.4444966476150882
0.005237496737376057 1.1480825795285
0.003963981183120786 -1.273515554255271
0.004258065446944008 0.2940842638232219
0.004578583447037779 0.320518000093771
0.003800023311293435 -0.7785601357443444
0.003753133378231391 -0.04688993306204347
0.00405903282543016 0.3058994471987685
0.004380421740560831 0.3213889151306715
0.003636691585566822 -0.7437301549940095
0.004676194177173842 1.039502591607021
0.00355552701246862 -1.120667164705222
0.003834121561259618 0.2785945487909975
0.003790335460989473 -0.04378610027014514
0.003439079100743162 -0.351256360246311
0.003708848626162068 0.2697695254189059
0.003666953517988425 -0.04189510817364248
0.003970593809819168 0.3036402918307427
0.003944252545790594 -0.02634126402857422
0.003277277868727426 -0.6669746770631679
0.003245549536693364 -0.0317283320340621
0.003215363647670589 -0.03018588902277452
0.004157964043904333 0.9426003962337434
0.003450905196291694 -0.7070588476126385
0.003137891788838198 -0.3130134074534959
0.003114903501502633 -0.02298828733556489
0.004430033372688189 1.315129871185556
0.003074082052631345 -1.355951320056844
0.003341949181237056 0.2678671286057118
0.003050810173167387 -0.2911390080696696
0.003975746576369988 0.924936403202601
0.003069904291754662 -0.9058422846153257
0.003380557232672267 0.3106529409176054
0.003172160801780993 -0.2083964308912745
0.003849873115317415 0.6777123135364217
0.003872983093189113 0.023109977871698
0.003551860172985081 -0.3211229202040315
0.003792863780310037 0.2410036073249556
0.004799078778315689 1.006214998005652
0.004357413604484734 -0.4416651738309548
0.00498876017071753 0.6313465662327964
0.005449039651977071 0.4602794812595401
0.005653665477358469 0.2046258253813986
0.006337996036848151 0.6843305594896815
0.006923451160944264 0.5854551240961131
0.007073703445356818 0.1502522844125543
0.007623331232481267 0.5496277871244494
0.007857343192760354 0.2340119602790864
0.008415031340926337 0.5576881481659836
0.008410395968663074 -0.00463537226326298
0.00845778569474139 0.04738972607831564
0.008387660729024964 -0.0701249657164265
0.008318447155033291 -0.06921357399167216
0.008241565395768122 -0.07688175926516896
0.008140707114676096 -0.1008582810920269
0.008080987889982429 -0.0597192246936662
0.008130951264171106 0.04996337418867666
0.007771934827167608 -0.3590164370034978
0.007800185630511324 0.02825080334371583
0.006501039747711791 -1.299145882799533
0.006405469933413535 -0.09556981429825577
0.006317281486462672 -0.08818844695086293
0.006266618302776116 -0.05066318368655669
0.006196807006033833 -0.06981129674228301
0.00620583932118853 0.009032315154697441
0.006192810016306931 -0.01302930488159947
0.006195593998949099 0.002783982642168281
0.006212685270070501 0.01709127112140257
0.00625941230773913 0.04672703766862851
0.006277734942420044 0.01832263468091403
0.006291681508689942 0.01394656626989808
0.006408022012696503 0.1163405040065608
0.006455971034209112 0.04794902151260879
0.006579351193569443 0.1233801593603315
0.006706252172309197 0.1269009787397534
0.006836947501038054 0.1306953287288576
0.007010610661336673 0.1736631602986183
0.00716572248681947 0.155111825482797
0.007279309628513644 0.1135871416941747
0.007500868748046031 0.2215591195323871
0.007616152146782827 0.1152833987367952
0.007818556208043236 0.2024040612604097
0.008003979548246819 0.1854233402035828
0.008195546267604225 0.1915667193574059
0.00839945611544066 0.2039098478364351
0.008617510470499738 0.2180543550590781
0.008759858885553138 0.1423484150534001
0.008803784104629359 0.04392521907622092
0.009029816792754775 0.2260326881254153
0.009276819448832095 0.2470026560773206
0.009463568455401868 0.1867490065697724
0.009656980758085753 0.1934123026838853
0.009896186029908298 0.2392052718225446
0.01003352928797161 0.1373432580633171
0.01021129083966938 0.1777615516977658
0.01039451113722526 0.1832202975558771
0.01046624844708032 0.07173730985506402
0.01069915934104965 0.2329108939693302
0.01095250643040699 0.2533470893573385
0.01112009940156623 0.1675929711592357
0.01136156038392153 0.2414609823553002
0.01152480182304817 0.163241439126648
0.01170393346933019 0.1791316462820148
0.01189293687674659 0.1890034074164028
0.01196927485425672 0.0763379775101259
0.01220132074866731 0.2320458944105961
0.01243944967954828 0.2381289308809615
0.01268874843463982 0.2492987550915485
0.01283332153894132 0.1445731043014913
0.0130540366356282 0.2207150966868892
0.01324054069879493 0.1865040631667241
0.01344204011086855 0.2014994120736208
0.01362223768829766 0.1801975774291132
0.01363162909822985 0.009391409932191577
0.01407894098635528 0.4473118881254245
0.01423894287276827 0.1600018864129898
0.01446244930809047 0.2235064353221967
0.0146715779529561 0.2091286448656395
0.01488865017468144 0.217072221725333
0.0150910050596623 0.2023548849808664
0.01530651632168622 0.2155112620239197
0.01554184266671147 0.2353263450252455
0.0156324402946076 0.09059762789612701
0.01597652073126393 0.3440804366563327
0.01618979837600438 0.2132776447404498
0.01643344050279352 0.243642126789137
0.01667646746554917 0.2430269627556533
0.01690238181990265 0.2259143543534847
0.01712443376844711 0.2220519485444522
0.01743390790635029 0.309474137903186
0.01736353077176428 -0.07037713458601588
0.01781235740482845 0.4488266330641699
0.01805717932581839 0.2448219209899433
0.01831108421166914 0.2539048858507531
0.0185833123689212 0.2722281572520545
0.01879201663541013 0.2087042664889287
0.01899264399893721 0.2006273635270818
0.01931364429470564 0.3210002957684324
0.01941949887883276 0.1058545841271172
0.01960311766821835 0.1836187893855916
0.01997468421653547 0.3715665483171246
0.02022455373048598 0.2498695139505035
0.02043758083068384 0.2130271001978684
0.02072830268889372 0.2907218582098789
0.02097435821619328 0.2460555272995532
0.02111767121370652 0.1433129975132452
0.02130453032023779 0.1868591065312675
0.02160685571387538 0.3023253936375869
0.02169120483845644 0.08434912458106514
0.02204423981789685 0.3530349794404128
0.02228099246814453 0.2367526502476715
0.02264189021971692 0.360897751572397
0.02269829545841506 0.0564052386981366
0.02292452082993495 0.2262253715198947
0.02309675687510311 0.1722360451681601
0.02327060968762538 0.1738528125222634
0.02354895090851069 0.2783412208853114
0.02364808845796555 0.09913754945485576
0.02396721396788621 0.3191255099206647
0.02430669726772089 0.3394832998346829
0.02431458054732939 0.007883279608492805
0.02453067606060345 0.2160955132740651
0.02473709409164537 0.2064180310419224
0.02484758590058169 0.110491808936318
0.02512453551145345 0.276949610871758
0.02521365656738105 0.08912105592760039
0.02555238052974082 0.3387239623597708
0.0257028422685358 0.1504617387949776
0.02589969491148663 0.1968526429508288
0.02606224460870446 0.1625496972178335
0.02625279485517209 0.1905502464676322
0.02640747941181626 0.1546845566441669
0.02661215610778919 0.204676695972926
0.02690029740126318 0.2881412934739973
0.02693245167722812 0.03215427596493445
0.02723864925729957 0.3061975800714573
0.02747878766603412 0.2401384087345471
0.02761938833510296 0.1406006690688362
0.02780355522873318 0.1841668936302179
0.02798859953363547 0.1850443049022897
0.0281461928017396 0.1575932681041302
0.02842749527435097 0.2813024726113778
0.02857919527896461 0.1517000046136335
0.02867173876211485 0.09254348315023905
0.02895734906754201 0.2856103054271614
0.02910316464005952 0.1458155725175131
0.02929552285604963 0.1923582159901113
0.02948512558800849 0.1896027319588621
0.0296674882137405 0.1823626257320098
0.02983423406532933 0.1667458515888301
0.02996018178079394 0.125947715464609
0.03007039587956721 0.1102140987732647
0.03033628500999214 0.2658891304249365
0.03046719330298932 0.1309082929971811
0.03068311307916684 0.2159197761775165
0.03077096522563053 0.08785214646369124
0.03094360612534711 0.1726408997165807
0.03111000678823645 0.1664006628893377
0.03126030840975334 0.150301621516892
0.03141106605274347 0.1507576429901278
0.03169106350189434 0.2799974491508664
0.03173137661023517 0.04031310834083646
0.03187215244691909 0.1407758366839193
0.03204275959720024 0.1706071502811518
0.03217500523961759 0.1322456424173446
0.03236359631836837 0.1885910787507855
0.03245450950353729 0.09091318516891989
0.03262826191415853 0.1737524106212376
0.03273921633409051 0.1109544199319745
0.03286472987420119 0.1255135401106791
0.03300329591134852 0.1385660371473335
0.03290040493999945 -0.1028909713490719
0.03264500582763372 -0.2553991123657243
0.03220476843954282 -0.4402373880909027
0.03157840548677823 -0.6263629527645878
0.03097636528551085 -0.6020402012673793
0.03026212702203502 -0.7142382634758339
0.02988410120288003 -0.3780258191549875
0.02933881073442029 -0.5452904684597436
0.02866712064953459 -0.6716900848857017
0.02809861912350744 -0.5685015260271444
0.02723201984016023 -0.8665992833472129
0.02646489565003436 -0.7671241901258674
0.02543018157883016 -1.034714071204198
0.0243581234807128 -1.072058098117362
0.02326601730118292 -1.092106179529883
0.02198769137577346 -1.278325925409461
0.02085640228340884 -1.131289092364617
0.01995856977998121 -0.8978325034276341
0.0190413637873792 -0.9172059926020117
0.01816819882646429 -0.8731649609149024
0.01732794513190292 -0.8402536945613693
0.01666094442249007 -0.6670007094128523
0.01598162896306563 -0.6793154594244427
0.01536114789559319 -0.6204810674724383
0.01479748051127426 -0.5636673843189277
0.01423699452405548 -0.5604859872187784
0.01380115088161146 -0.4358436424440268
0.01442424671168448 -0.5188884282760937
0.01423910575798943 -0.1851409536950503
0.01406838623747707 -0.1707195205123604
0.01452464128305145 -0.6256841703316182
0.01392690713028537 -0.5977341527660801
0.01375398940807329 -0.1729177222120817
