0.1358396301766063 135.8396301766063
0.1108600253803995 -24.97960479620683
0.1108600253803995 0
0.1108600253803995 0
0.1108600253803995 0
0.1108600253803995 0
0.1124364596163386 1.576434235939173
0.1130785934690703 0.6421338527316384
0.1220853358628718 9.006742393801476
0.1148853289533141 -7.200006909557701
0.1108600253803995 -4.025303572914584
0.1108600253803995 0
0.1124364596163386 1.576434235939173
0.1108600253803995 -1.576434235939173
0.1130785934690703 2.218568088670811
0.1108600253803995 -2.218568088670811
0.1188232486050296 7.963223224630111
0.1132408849262992 -5.582363678730356
0.1168315440594118 3.590659133112614
0.1108600253803995 -5.971518679012369
0.1108600253803995 0
0.1130785934690703 2.218568088670811
0.1108600253803995 -2.218568088670811
0.1108600253803995 0
0.1209857098340271 10.12568445362763
0.1108600253803995 -10.12568445362763
0.1132408849262992 2.380859545899755
0.1148853289533141 1.64444402701483
0.1108600253803995 -4.025303572914584
0.1130785934690703 2.218568088670811
0.1124364596163386 -0.6421338527316384
0.1108600253803995 -1.576434235939173
0.1132730587434475 2.413033363047989
0.1158551962558234 2.582137512375918
0.1132408849262992 -2.614311329524152
0.1108600253803995 -2.380859545899755
0.1197867631312879 8.92673775088841
0.1108600253803995 -8.92673775088841
0.1108600253803995 0
0.1108600253803995 0
0.1132730587434475 2.413033363047989
0.1158551962558234 2.582137512375918
0.1124364596163386 -3.418736639484734
0.1157059605803779 3.269500964039246
0.1108600253803995 -4.845935199978419
0.1113490883557767 0.4890629753772635
0.1121963286739737 0.8472403181969956
0.110744122051723 -1.452206622250776
0.1150309618287506 4.286839777027665
0.1152631811515534 0.2322193228028041
0.110744122051723 -4.519059099830469
0.112946524777522 2.202402725799052
0.11223628859697 -0.7102361805520069
0.110744122051723 -1.492166545247045
0.115094602872293 4.350480820570088
0.1128374333635633 -2.257169508729715
0.1128715686123591 0.03413524879573859
0.110744122051723 -2.127446560636112
0.1177897979106469 7.045675858923975
0.109341533693323 -8.448264217323947
0.1126640912474357 3.322557554112718
0.109341533693323 -3.322557554112718
0.109341533693323 0
0.1113767781465682 2.035244453245197
0.1134658795040336 2.089101357465386
0.109341533693323 -4.124345810710583
0.1185103482827445 9.168814589421467
0.109341533693323 -9.168814589421467
0.109341533693323 0
0.1106778570876367 1.336323394313721
0.109341533693323 -1.336323394313721
0.109341533693323 0
0.1157814466730749 6.439912979751883
0.1113880932681887 -4.393353404886141
0.1159235265867473 4.535433318558588
0.109341533693323 -6.581992893424329
0.109341533693323 0
0.109341533693323 0
0.1126640912474357 3.322557554112718
0.109341533693323 -3.322557554112718
0.1135870921862099 4.245558492886936
0.109341533693323 -4.245558492886936
0.1113767781465682 2.035244453245197
0.1159235265867473 4.546748440179132
0.1111291444371421 -4.794382149605231
0.109341533693323 -1.787610743819098
0.1106778570876367 1.336323394313721
0.109341533693323 -1.336323394313721
0.1135870921862099 4.245558492886936
0.109341533693323 -4.245558492886936
0.109341533693323 0
0.1184845378538189 9.143004160495918
0.11127900185423 -7.205535999588896
0.109341533693323 -1.937468160907021
0.109341533693323 0
0.1129518121708209 3.610278477497883
0.1113131371030258 -1.638675067795109
0.1111291444371421 -0.1839926658836755
0.109341533693323 -1.787610743819098
0.1135315905856275 4.190056892304519
0.1113767781465682 -2.154812439059322
0.11127900185423 -0.09777629233817531
0.1113880932681887 0.1090914139587201
0.1111291444371421 -0.2589488310466431
0.1106778570876367 -0.4512873495053776
0.1113131371030258 0.6352800153890531
0.109341533693323 -1.971603409702774
0.109341533693323 0
0.1135315905856275 4.190056892304519
0.1133630123063672 -0.1685782792603258
0.1113880932681887 -1.974919038178452
0.11127900185423 -0.1090914139587201
0.109341533693323 -1.937468160907021
0.1127979408744855 3.456407181162469
0.109341533693323 -3.456407181162469
0.1111291444371421 1.787610743819098
0.1135315905856275 2.402446148485421
0.1113880932681887 -2.143497317438778
0.1113767781465682 -0.01131512162054482
0.109341533693323 -2.035244453245197
0.11127900185423 1.937468160907021
0.1150048677187066 3.725865864476555
0.109341533693323 -5.663334025383576
0.109341533693323 0
0.116058207344721 6.716673651398039
0.109341533693323 -6.716673651398039
0.109341533693323 0
0.1133630123063672 4.021478613044193
0.109341533693323 -4.021478613044193
0.1134658795040336 4.124345810710583
0.1106778570876367 -2.788022416396863
0.109341533693323 -1.336323394313721
0.1113880932681887 2.046559574865741
0.1157385174298486 4.350424161659913
0.109341533693323 -6.396983736525654
0.109341533693323 0
0.1113767781465682 2.035244453245197
0.1113131371030258 -0.06364104354242284
0.11127900185423 -0.03413524879575247
0.1151587390150419 3.879737160811941
0.109341533693323 -5.817205321718963
0.1135315905856275 4.190056892304519
0.109341533693323 -4.190056892304519
0.109341533693323 0
0.109341533693323 0
0.1157814466730749 6.439912979751883
0.1113880932681887 -4.393353404886141
0.1106778570876367 -0.7102361805520208
0.11127900185423 0.6011447665933006
0.1135315905856275 2.252588731397498
0.109341533693323 -4.190056892304519
0.1111291444371421 1.787610743819098
0.109341533693323 -1.787610743819098
0.1113131371030258 1.971603409702774
0.1113880932681887 0.07495616516296766
0.1113767781465682 -0.01131512162054482
0.1106778570876367 -0.6989210589314759
0.1183756675247708 7.69781043713405
0.109341533693323 -9.034133831447772
0.109341533693323 0
0.109341533693323 0
0.1135870921862099 4.245558492886936
0.109341533693323 -4.245558492886936
0.1111291444371421 1.787610743819098
0.1113767781465682 0.2476337094260983
0.1106778570876367 -0.6989210589314759
0.1159235265867473 5.245669499110608
0.109341533693323 -6.581992893424329
0.1113880932681887 2.046559574865741
0.1132993712628248 1.911277994636029
0.109341533693323 -3.957837569501771
0.109341533693323 0
0.109341533693323 0
0.1129392398134647 3.597706120141722
0.1135315905856275 0.5923507721627974
0.1111291444371421 -2.402446148485421
0.1135529569374142 2.423812500272085
0.1113131371030258 -2.23981983438841
0.109341533693323 -1.971603409702774
0.109341533693323 0
0.109341533693323 0
0.1111291444371421 1.787610743819098
0.1181121495570505 6.983005119908459
0.1113880932681887 -6.724056288861815
0.109341533693323 -2.046559574865741
0.1134658795040336 4.124345810710583
0.109341533693323 -4.124345810710583
0.1111291444371421 1.787610743819098
0.109341533693323 -1.787610743819098
0.109341533693323 0
0.1113880932681887 2.046559574865741
0.1181121495570505 6.724056288861815
0.109341533693323 -8.770615863727556
0.1132993712628248 3.957837569501771
0.11127900185423 -2.020369408594749
0.109341533693323 -1.937468160907021
0.109341533693323 0
0.109341533693323 0
0.1113880932681887 2.046559574865741
0.1135315905856275 2.143497317438778
0.1151461666576858 1.61457607205831
0.1113131371030258 -3.833029554660055
0.109341533693323 -1.971603409702774
0.11127900185423 1.937468160907021
0.109341533693323 -1.937468160907021
0.1113880932681887 2.046559574865741
0.1111291444371421 -0.2589488310466431
0.1135315905856275 2.402446148485421
0.1106778570876367 -2.853733497990798
0.1113767781465682 0.6989210589314759
0.1113131371030258 -0.06364104354242284
0.109341533693323 -1.971603409702774
0.1111291444371421 1.787610743819098
0.1135529569374142 2.423812500272085
0.109341533693323 -4.211423244091184
0.109341533693323 0
0.1135315905856275 4.190056892304519
0.1106778570876367 -2.853733497990798
0.1157814466730749 5.103589585438161
0.109341533693323 -6.439912979751883
0.1113880932681887 2.046559574865741
0.109341533693323 -2.046559574865741
0.11127900185423 1.937468160907021
0.109341533693323 -1.937468160907021
0.1157385174298486 6.396983736525654
0.109341533693323 -6.396983736525654
0.1127979408744855 3.456407181162469
0.1136507332297524 0.8527923552669042
0.109341533693323 -4.309199536429372
0.109341533693323 0
0.1111291444371421 1.787610743819098
0.11127900185423 0.149857417087923
0.1135315905856275 2.252588731397498
0.109341533693323 -4.190056892304519
0.1127979408744855 3.456407181162469
0.1113880932681887 -1.409847606296727
0.1111291444371421 -0.2589488310466431
0.1113767781465682 0.2476337094260983
0.109341533693323 -2.035244453245197
0.109341533693323 0
0.11127900185423 1.937468160907021
0.1135315905856275 2.252588731397498
0.115794019030431 2.26242844480351
0.1106778570876367 -5.116161942794309
0.109341533693323 -1.336323394313721
0.109341533693323 0
0.1113767781465682 2.035244453245197
0.109341533693323 -2.035244453245197
0.1111291444371421 1.787610743819098
0.116058207344721 4.92906290757894
0.1134658795040336 -2.592327840687456
0.109341533693323 -4.124345810710583
0.1106778570876367 1.336323394313721
0.109341533693323 -1.336323394313721
0.1111291444371421 1.787610743819098
0.1113767781465682 0.2476337094260983
0.109341533693323 -2.035244453245197
0.116058207344721 6.716673651398039
0.1113131371030258 -4.745070241695265
0.11127900185423 -0.03413524879575247
0.1126640912474357 1.385089393205696
0.109341533693323 -3.322557554112718
0.109341533693323 0
0.109341533693323 0
0.1136507332297524 4.309199536429372
0.109341533693323 -4.309199536429372
0.1184208968102765 9.079363116953509
0.109341533693323 -9.079363116953509
0.11127900185423 1.937468160907021
0.1106778570876367 -0.6011447665933006
0.109341533693323 -1.336323394313721
0.1113880932681887 2.046559574865741
0.1111291444371421 -0.2589488310466431
0.1113767781465682 0.2476337094260983
0.115968755872253 4.591977725684829
0.109341533693323 -6.627222178930025
0.109341533693323 0
0.109341533693323 0
0.1150375263328656 5.69599263954261
0.1113880932681887 -3.649433064676868
0.109341533693323 -2.046559574865741
0.1135038075582511 0
0.1217641325242665 8.260324966015393
0.1135038075582511 -8.260324966015393
0.1157107344024722 2.206926844221107
0.1135038075582511 -2.206926844221107
0.1160304243173446 2.526616759093519
0.1178112961944505 1.780871877105877
0.1135038075582511 -4.307488636199396
0.1135038075582511 0
0.1214013183440852 7.897510785834144
0.1160164550313933 -5.384863312691918
0.1135038075582511 -2.512647473142227
0.1160304243173446 2.526616759093519
0.1135038075582511 -2.526616759093519
0.1151535895265396 1.64978196828855
0.1183478844973943 3.194294970854661
0.1309428395670572 12.59495506966288
0.1309428395670572 0
0.1402063864485111 9.26354688145395
0.1353931572634001 -4.81322918511104
0.1354071265493514 0.01396928595129299
0.1215185737806871 -13.88855276866421
0.1149063959166511 -6.61217786403609
0.1167120210358729 1.80562511922186
0.1174541750687042 0.7421540328312604
0.1149063959166511 -2.54777915205312
0.1204083078677628 5.501911951111743
0.1175888558266779 -2.819452041084913
0.1172691659118054 -0.3196899148724675
0.1175748865407266 0.3057206289211745
0.1149063959166511 -2.668490624075537
0.1150622390675844 0.1558431509333102
0.1167120210358729 1.64978196828855
0.1149063959166511 -1.80562511922186
0.1308345920124688 15.92819609581777
0.1149063959166511 -15.92819609581777
0.1149063959166511 0
0.1149063959166511 0
0.1160164550313933 1.11005911474224
0.1135038075582511 -2.512647473142227
0.1176057304645631 4.101922906312005
0.1135038075582511 -4.101922906312005
0.1160304243173446 2.526616759093519
0.1216297247106268 5.599300393282213
0.1135038075582511 -8.125917152375733
0.1142168562224725 0.713048664221394
0.1167757573948934 2.558901172420913
0.1148741360150898 -1.901621379803528
0.112855511545227 -2.018624469862798
0.1179087116384191 5.053200093192073
0.112855511545227 -5.053200093192073
0.1176829444531992 4.827432907972148
0.117995051885934 0.3121074327347984
0.112855511545227 -5.139540340706946
0.112855511545227 0
0.112855511545227 0
0.1178765378212709 5.021026276043824
0.1110670512698441 -6.809486551426741
0.09822219844264617 -12.84485282719797
0.09770344533186544 -0.5187531107807286
0.09667211725694669 -1.03132807491875
0.09756136173871018 0.8892444817634876
0.09667211725694669 -0.8892444817634876
0.09667211725694669 0
0.09776404583526425 1.091928578317566
0.09747654256690723 -0.2875032683570256
0.09750871638405548 0.0321738171482483
0.09667211725694669 -0.8365991271087891
0.09770344533186544 1.03132807491875
0.09667211725694669 -1.03132807491875
0.09731425110967831 0.6421338527316245
0.09798185787174002 0.6676067620617065
0.09667211725694669 -1.309740614793331
0.09667211725694669 0
0.09747654256690723 0.8044253099605408
0.09750871638405548 0.0321738171482483
0.09849620317474397 0.9874867906884965
0.09667211725694669 -1.824085917797286
0.09667211725694669 0
0.09705056377667357 0.3784465197268772
0.09756136173871018 0.5107979620366104
0.09667211725694669 -0.8892444817634876
0.09731425110967831 0.6421338527316245
0.09747654256690723 0.1622914572289164
0.09865463646729854 1.178093900391308
0.09667211725694669 -1.982519210351849
0.09705056377667357 0.3784465197268772
0.09667211725694669 -0.3784465197268772
0.09731425110967831 0.6421338527316245
0.09756136173871018 0.2471106290318631
0.09667211725694669 -0.8892444817634876
0.09667211725694669 0
0.09840252228401164 1.730405027064952
0.09817066325745415 -0.2318590265574932
0.09731425110967831 -0.8564121477758341
0.09667211725694669 -0.6421338527316245
0.09667211725694669 0
0.09667211725694669 0
0.09667211725694669 0
0.09756136173871018 0.8892444817634876
0.09731425110967831 -0.2471106290318631
0.09917376749573042 1.859516386052112
0.09747654256690723 -1.697224928823196
0.09667211725694669 -0.8044253099605408
0.09667211725694669 0
0.09667211725694669 0
0.09731425110967831 0.6421338527316245
0.09667211725694669 -0.6421338527316245
0.09798185787174002 1.309740614793331
0.09770344533186544 -0.2784125398745813
0.09750871638405548 -0.1947289478099606
0.09747654256690723 -0.0321738171482483
0.09731425110967831 -0.1622914572289164
0.09667211725694669 -0.6421338527316245
0.09667211725694669 0
0.09705056377667357 0.3784465197268772
0.09667211725694669 -0.3784465197268772
0.09756136173871018 0.8892444817634876
0.09849620317474397 0.9348414360337981
0.09750871638405548 -0.9874867906884965
0.09747654256690723 -0.0321738171482483
0.09667211725694669 -0.8044253099605408
0.09667211725694669 0
0.09705056377667357 0.3784465197268772
0.09731425110967831 0.2636873330047473
0.09667211725694669 -0.6421338527316245
0.09880127802540062 2.12916076845393
0.09750871638405548 -1.292561641345141
0.09667211725694669 -0.8365991271087891
0.09747654256690723 0.8044253099605408
0.09776404583526425 0.2875032683570256
0.09667211725694669 -1.091928578317566
0.09667211725694669 0
0.09667211725694669 0
0.09770344533186544 1.03132807491875
0.09667211725694669 -1.03132807491875
0.09849676580823713 1.824648551290442
0.09776404583526425 -0.7327199729728756
0.09747654256690723 -0.2875032683570256
0.09667211725694669 -0.8044253099605408
0.09667211725694669 0
0.09667211725694669 0
0.09770344533186544 1.03132807491875
0.09731425110967831 -0.3891942221871253
0.09667211725694669 -0.6421338527316245
0.09896398373382585 2.291866476879165
0.09667211725694669 -2.291866476879165
0.09747654256690723 0.8044253099605408
0.09667211725694669 -0.8044253099605408
0.09731425110967831 0.6421338527316245
0.09667211725694669 -0.6421338527316245
0.09770344533186544 1.03132807491875
0.09705056377667357 -0.6528815551918726
0.09750871638405548 0.458152607381912
0.09756136173871018 0.05264535465469844
0.09731425110967831 -0.2471106290318631
0.09747654256690723 0.1622914572289164
0.09667211725694669 -0.8044253099605408
0.09667211725694669 0
0.09817066325745415 1.498546000507458
0.09667211725694669 -1.498546000507458
0.09731425110967831 0.6421338527316245
0.09750871638405548 0.1944652743771647
0.09756136173871018 0.05264535465469844
0.09667211725694669 -0.8892444817634876
0.09747654256690723 0.8044253099605408
0.09667211725694669 -0.8044253099605408
0.09905150530509697 2.379388048150286
0.09667211725694669 -2.379388048150286
0.09667211725694669 0
0.09667211725694669 0
0.09667211725694669 0
0.09667211725694669 0
0.09667211725694669 0
0.09667211725694669 0
0.09587294977728469 -0.7991674796619941
0.09564159279700345 -0.2313569802812471
0.09587179722335955 0.2302044263561009
0.09539904962183618 -0.4727476015233684
0.09522888374628641 -0.1701658755497715
0.09492300249943947 -0.3058812468469396
0.09480757972550918 -0.1154227739302849
0.09492300249943947 0.1154227739302849
0.0942662768231019 -0.6567256763375662
0.09405554274069146 -0.2107340824104437
0.09492300249943947 0.8674597587480098
0.09358692528088125 -1.336077218558218
0.09358692528088125 0
0.09358692528088125 0
0.09289712347592553 -0.689801804955717
0.09316516956705204 0.2680460911265031
0.09278333997330618 -0.3818295937458582
0.09258966356054406 -0.1936764127621199
0.09200932136850321 -0.580342192040853
0.0924427331999734 0.4334118314701929
0.09200932136850321 -0.4334118314701929
0.09174539417925161 -0.2639271892515976
0.09172266174294964 -0.02273243630196431
0.09149038758272936 -0.232274160220286
0.09133318945311976 -0.1571981296095981
0.09104097711121718 -0.2922123419025757
0.09115033990069317 0.1093627894759863
0.09065320888876714 -0.4971310119260275
0.09071703853833842 0.06382964957127313
0.09051237884536482 -0.2046596929735911
0.09036816827848602 -0.1442105668787996
0.09021944791086953 -0.1487203676164978
0.09020246260214758 -0.01698530872194792
0.0899921833974566 -0.2102792046909802
0.08986225312219839 -0.1299302752582054
0.08975419026883436 -0.1080628533640382
0.08957107352637464 -0.1831167424597158
0.08946099002972026 -0.1100834966543812
0.08951951527336982 0.05852524364956257
0.09370522576411459 4.185710490744773
0.09031302863484011 -3.071306311465904
0 0
0 0
0 0
