0.1056249687996232 105.6249687996232
0.1081807995064281 2.555830706804874
0.1106247707959962 2.443971289568081
0.1202041264984917 9.579355702495572
0.1376572214729343 17.45309497444253
0.1589269309599804 21.2697094870461
0.1837574432381067 24.83051227812632
0.2099506683264656 26.19322508835895
0.2382003856796138 28.24971735314813
0.2599327216452328 21.73233596561902
0.2844716729231512 24.53895127791844
0.3044357562084153 19.96408328526406
0.309767872060379 5.332115851963747
0.3112260290102641 1.458156949885048
0.3130558309635046 1.829801953240562
0.3121586616017916 -0.8971693617130794
0.3147467849812858 2.588123379494267
0.3096726625834269 -5.074122397858926
0.3083809093311035 -1.291753252323391
0.3027412790053771 -5.639630325726452
0.2982814685065352 -4.459810498841865
0.2937633846900531 -4.51808381648211
0.2866892925465442 -7.074092143508903
0.2800191476029234 -6.670144943620781
0.2774314196517049 -2.587727951218477
0.2670526994780433 -10.37872017366165
0.2599000123267914 -7.152687151251835
0.2535140493941495 -6.385962932641986
0.2453172711482595 -8.196778245889991
0.2383532205909361 -6.964050557323326
0.2311383055239265 -7.214915067009636
0.2230671525701555 -8.071152953771032
0.2167613004425027 -6.30585212765275
0.2103015072581218 -6.459793184380919
0.2022941241942993 -8.007383063822509
0.1953395262669053 -6.954597927393946
0.1906488523244549 -4.690673942450429
0.1827768327121388 -7.872019612316095
0.176452091804797 -6.324740907341808
0.1705225761558212 -5.929515648975841
0.1665262052933711 -3.996370862450027
0.1618842108735282 -4.641994419842976
0.1563186576600335 -5.565553213494667
0.1524007417893111 -3.917915870722433
0.1476623407515356 -4.738401037775425
0.1439883404257651 -3.67400032577056
0.1405316503683108 -3.456690057454276
0.1371155517175114 -3.416098650799393
0.1351858375089721 -1.929714208539296
0.1325611207836352 -2.624716725336901
0.129645753805733 -2.915366977902234
0.1277217560346084 -1.923997771124591
0.1254581644359987 -2.263591598609643
0.1234393517482043 -2.018812687794455
0.1218074522798916 -1.631899468312659
0.1200876136461512 -1.719838633740423
0.1192888190798521 -0.7987945662991103
0.1171767229975442 -2.112096082307904
0.1166244868935875 -0.5522361039567436
0.1145951353761108 -2.029351517476685
0.1136120239988085 -0.9831113773022399
0.1123605256201229 -1.251498378685586
0.1111997643494032 -1.160761270719776
0.1099962804347168 -1.203483914686332
0.1096990677514631 -0.2972126832537225
0.1082099610133404 -1.489106738122678
0.1077183085037913 -0.4916525095491758
0.1064396713719258 -1.278637131865434
0.1055596277306049 -0.8800436413209656
0.1047142774834495 -0.8453502471553326
0.104080794953507 -0.633482529942539
0.1033092549144302 -0.7715400390767568
0.1029115340430427 -0.3977208713874941
0.1021113678411719 -0.8001662018708167
0.1011333887823079 -0.9779790588639731
0.1006917255190992 -0.441663263208783
0.1000294627488815 -0.6622627702176365
0.09937668479007845 -0.6527779588030719
0.09841177499568202 -0.9649097943964374
0.09813587520483345 -0.2758997908485633
0.09824232096366661 0.1064457588331597
0.09698046786297598 -1.26185310069063
0.09605494296912268 -0.9255248938533078
0.09532328356540523 -0.731659403717444
0.09486020468032803 -0.4630788850771977
0.09436616327380486 -0.4940414065231769
0.0934515598706696 -0.9146034031352612
0.09293818023176584 -0.5133796389037576
0.09283478756747514 -0.1033926642906996
0.09146172604590083 -1.373061521574306
0.09065188333762235 -0.8098427082784826
0.08939051248630439 -1.261370851317958
0.08890410110634799 -0.4864113799564057
0.08832402629153421 -0.5800748148137719
0.08741752482056075 -0.9065014709734587
0.08637550350934346 -1.042021311217292
0.08622436304190606 -0.1511404674374023
0.08460370801530279 -1.620655026603274
0.0838075802604611 -0.7961277548416829
0.08291757220380869 -0.8900080566524166
0.08182819308251889 -1.089379121289799
0.08085477352799456 -0.9734195545243324
0.08012987544965067 -0.7248980783438885
0.07891030264695803 -1.219572802692637
0.07790237393741095 -1.007928709547079
0.07757259350510427 -0.3297804323066783
0.07606791496542818 -1.504678539676091
0.07502327673210864 -1.044638233319545
0.07435081295179956 -0.6724637803090794
0.0731986622762496 -1.152150675549954
0.07239373488658087 -0.8049273896687387
0.07127803911331565 -1.115695773265216
0.07026594855439985 -1.012090558915796
0.0699886073077348 -0.2773412466650499
0.06855335624701094 -1.435251060723869
0.06778200726394126 -0.7713489830696724
0.06742682571111316 -0.3551815528280988
0.06637801977426908 -1.048805936844088
0.06551792071907223 -0.8600990551968501
0.06453641150514659 -0.9815092139256326
0.06404100435487069 -0.4954071502759061
0.06435890652119673 0.3179021663260451
0.06266673187676763 -1.692174644429098
0.0620683803028321 -0.598351573935535
0.06289581790223921 0.8274375994071076
0.06109878858996768 -1.797029312271527
0.06065805563389229 -0.4407329560753917
0.06096766080378779 0.309605169895498
0.05998250606533558 -0.985154738452211
0.06066319957865281 0.680693513317232
0.05995533429682168 -0.7078652818311298
0.05939873843439744 -0.5565958624242362
0.05978124512582597 0.3825066914285302
0.06063629267704505 0.8550475512190819
0.05927718631248922 -1.359106364555836
0.05931844453546674 0.04125822297752074
0.05971089008476206 0.3924455492953227
0.06007453626301301 0.3636461782509509
0.05993882816809507 -0.1357080949179468
0.06123452825304466 1.2957000849496
0.06001130888279344 -1.223219370251223
0.06115500707420238 1.143698191408936
0.06055823931759548 -0.5967677566069002
0.06089662253274065 0.3383832151451771
0.0612409528504482 0.3443303177075446
0.06287032934934686 1.62937649889866
0.06227544760321983 -0.5948817461270336
0.06252854066395858 0.2530930607387502
0.06260881457974903 0.08027391579044918
0.06339775705941526 0.7889424796662381
0.06266699889545191 -0.7307581639633548
0.06311941316883588 0.4524142733839664
0.06284313557175038 -0.2762775970854975
0.06338281873992743 0.5396831681770548
0.06314886128885511 -0.2339574510723252
0.06273072626920451 -0.4181350196506006
0.06252875175292098 -0.2019745162835235
0.06329705077473777 0.7682990218167846
0.06116683970928274 -2.13021106545503
0.06048290619012679 -0.683933519155945
0.05972515902524251 -0.7577471648842828
0.05997794407840824 0.2527850531657272
0.0582129614195364 -1.764982658871837
0.05749969850011734 -0.7132629194190609
0.0566318154996036 -0.8678830005137417
0.05580768380282086 -0.8241316967827413
0.05575506694100601 -0.05261686181484704
0.0538236242485404 -1.931442692465611
0.05325668926433828 -0.5669349842021137
0.05276452763053833 -0.4921616337999549
0.05136610065443411 -1.398426976104219
0.0506074137676116 -0.7586868868225057
0.04998511147722243 -0.6223022903891692
0.04971263099362702 -0.2724804835954123
0.04938081001482793 -0.3318209787990939
0.04844573190154781 -0.9350781132801134
0.04835752841214669 -0.08820348940112577
0.04798251919329929 -0.3750092188473941
0.04727951419844105 -0.7030049948582445
0.04706234056713264 -0.2171736313084094
0.04691954499383073 -0.1427955733019071
0.04692665371344357 0.007108719612840264
0.04735816342175454 0.431509708310962
0.04700981067032613 -0.3483527514284018
0.046834129043017 -0.1756816273091322
0.04730695393867598 0.4728248956589742
0.04701560954448904 -0.291344394186932
0.04725913570233945 0.2435261578504072
0.04740656818984745 0.1474324875080021
0.04767092705962186 0.2643588697744115
0.04813419191850296 0.4632648588810961
0.04842532416923679 0.291132250733829
0.04853666814915889 0.1113439799221017
0.04917343992129959 0.6367717721406998
0.04916456862335893 -0.008871297940658829
0.04947528437184947 0.3107157484905365
0.04978530646372217 0.310022091872697
0.0500945082767503 0.3092018130281329
0.05051603856687858 0.4215302901282858
0.05074285892859057 0.2268203617119824
0.0510309129485076 0.2880540199170362
0.0515251512322411 0.494238283733496
0.05171252457576284 0.1873733435217365
0.0520980015605298 0.3854769847669651
0.05259053737736823 0.4925358168384325
0.0531254935760455 0.5349561986772652
0.05361018556376577 0.484691987720276
0.05401824741065372 0.4080618468879429
0.05451551010877775 0.4972626981240361
0.0550110133391697 0.4955032303919429
0.05579854662862567 0.787533289455973
0.05647909025530281 0.6805436266771394
0.05724498302919742 0.7658927738946122
0.05760300313586552 0.3580201066680985
0.05906262326407249 1.459620128206975
0.06007141130100046 1.008788036927964
0.06038716683844031 0.3157555374398505
0.06166184712476282 1.274680286322508
0.06182853538933798 0.1666882645751655
0.06410913531968562 2.28059993034764
0.0648971140011293 0.787978681443674
0.06655512297788327 1.658008976753972
0.06707439082181568 0.5192678439324139
0.06900433956232502 1.929948740509335
0.06846648430243579 -0.537855259889225
0.07135954805246414 2.893063750028346
0.07136482476841526 0.00527671595111634
0.07228825584113789 0.9234310727226358
0.07497747339471431 2.689217553576415
0.07639294949382737 1.415476099113064
0.07743931644513057 1.046366951303196
0.07859022264309473 1.150906197964166
0.07928787231466514 0.697649671570405
0.08194989404942263 2.662021734757491
0.08246151980481448 0.511625755391848
0.0844014492880972 1.939929483282726
0.08597668077030889 1.575231482211684
0.08720251289019146 1.225832119882572
0.08910998526306882 1.907472372877361
0.09057096399470926 1.460978731640444
0.09160078611249473 1.029822117785462
0.09272531021748164 1.12452410498691
0.09404867755852137 1.32336734103973
0.09532722072577424 1.278543167252871
0.09698963622567963 1.662415499905395
0.09834191117570472 1.352274950025087
0.09932075899222331 0.9788478165185938
0.1009066961232438 1.585937131020537
0.102152282975474 1.245586852230154
0.102699847116879 0.5475641414049576
0.104024320995273 1.324473878394003
0.1056911768901139 1.666855894840946
0.106544784440703 0.8536075505891361
0.1080564063100078 1.511621869304799
0.1091999223346943 1.143516024686486
0.1100514739316572 0.8515515969629017
0.1116866676012585 1.635193669601312
0.1117750247370095 0.08835713575093551
0.1137186232904722 1.943598553462711
0.1145176234259214 0.7990001354492571
0.1155046014663731 0.9869780404516415
0.1172903793169559 1.785777850582856
0.1184668934408931 1.176514123937197
0.1195709310086407 1.104037567747518
0.1197143571487996 0.1434261401589698
0.1217596651583397 2.045308009540114
0.1211668571453218 -0.5928080130179481
0.1237702435920876 2.603386446765804
0.1242748160328728 0.5045724407851809
0.1254083659868112 1.133549953938398
0.126942579277939 1.534213291127795
0.1276384783676792 0.6958990897401873
0.1287661231602817 1.127644792602495
0.1293455025173794 0.5793793570977035
0.1296119508502241 0.266448332844782
0.1317040957134806 2.092144863256484
0.1326872482094897 0.9831524960090543
0.1336507513567743 0.9635031472846334
0.1333272488227036 -0.3235025340707076
0.1351099065395973 1.782657716893704
0.1362944992562281 1.184592716630767
0.1367426293531157 0.9092847801289439
0.1362401294480931 -0.502499905022602
0.1382237895031762 1.983660055083075
0.1389016250415946 0.6778355384184087
0.1399927608245583 1.091135782963659
0.1406474826754838 0.6547218509255492
0.1409727372174037 0.3252545419198671
0.1428070719190049 1.834334701601159
0.1439065637343857 1.099491815380882
0.1440968653286291 0.1903015942433528
0.1456697413615609 1.572876032931769
0.1472858921175822 1.616150756021367
0.148197702023653 0.9118099060707874
0.1498960632233245 1.698361199671483
0.150974232938648 1.078169715323457
0.1523574978335536 1.383264894905645
0.1580334157730395 5.67591793948588
0.1598280351835376 1.794619410498161
0.1620727526838034 2.24471750026578
0.1802739825168469 18.20122983304345
0.2027919004611804 22.51791794433353
0.2122888037772502 9.496903316069782
0.2003939412788641 -11.89486249838612
0.1836298033352871 -16.764137943577
0.1690886295335211 -14.54117380176601
0.1687994958759522 -0.2891336575688297
0.162772756507565 -6.026739368387212
0.1831463615847257 20.37360507716071
0.1983871114581456 15.24074987341986
0.2070872810934823 8.700169635336763
0.2225142423725097 15.42696127902737
0.2301345043786875 7.620262006177825
0.2352271538393573 5.092649460669729
0.2495252974103084 14.29814357095116
0.2261400875857412 -23.38520982456727
0.2666121044257269 40.47201683998569
0.2690717171479561 2.459612722229221
0.2719785500609925 2.906832913036395
0.2959526423971638 23.97409233617137
0.3029196007137295 6.96695831656563
0.3054528602232444 2.533259509514885
0.3111199055364014 5.667045313157037
0.3121751980547104 1.055292518308992
0.3139560523133764 1.780854258666031
0.318294270624122 4.3382183107456
0.3196531413963891 1.35887077226704
0.320522211525341 0.8690701289519875
0.3212842437639512 0.7620322386101552
0.3214489872230997 0.1647434591484642
0.3218092257755824 0.3602385524827389
0.3215476692935337 -0.2615564820486749
0.3214641946568172 -0.08347463671648514
0.3209069675087612 -0.5572271480560609
0.3193672193045881 -1.53974820417313
0.3175053019525834 -1.861917352004694
0.3150627646380199 -2.442537314563509
0.3128957928672399 -2.166971770779957
0.3089867510861436 -3.909041781096301
0.3058452528504471 -3.141498235696538
0.3039734225645889 -1.871830285858189
0.2966358547585022 -7.337567806086686
0.2923421160668087 -4.293738691693472
0.2847779085869213 -7.564207479887397
0.2778676388758872 -6.910269711034089
0.2720689930166162 -5.798645859270978
0.2649943060041707 -7.074687012445568
0.2575623784147659 -7.431927589404808
0.2467505005572358 -10.8118778575301
0.2455542180991379 -1.196282458097886
0.2289325781230686 -16.62163997606933
0.2189182960494417 -10.0142820736269
0.2155357450727327 -3.382550976709003
0.1996340322725558 -15.90171280017688
0.1902627150893893 -9.3713171831665
0.1834243114075763 -6.83840368181296
0.1741077747860825 -9.316536621493842
0.1700856604581179 -4.022114327964565
0.1522955919513716 -17.79006850674628
0.1422437411301118 -10.05185082125978
0.1353624316769363 -6.881309453175527
0.1262828666161735 -9.079565060762823
0.1139987117363881 -12.28415487978544
0.1047777364796625 -9.220975256725563
0.1006131622869733 -4.164574192689161
0.1012204468380867 0.6072845511133351
0.08281293665543646 -18.4075101826502
0.07736181363534531 -5.451123020091153
0.06750244644420898 -9.859367191136323
0.0601107206848091 -7.391725759399878
0.05615310984097911 -3.957610843829999
0.04759615562282511 -8.556954218153994
0.04163595941716944 -5.960196205655674
0.04041771676102627 -1.218242656143169
0.03965857504854423 -0.7591417124820365
0.02821740760096176 -11.44116744758247
0.02427313869207339 -3.944268908888371
0.02043934089877535 -3.833797793298038
0.01708952722574662 -3.34981367302873
0.01422183433764466 -2.867692888101962
0.01280656377520306 -1.415270562441595
0.009736422535375691 -3.070141239827372
0.01198348728690948 2.247064751533785
0.007806683143642106 -4.17680414326737
0.006666809662513378 -1.139873481128728
0.005906449370834185 -0.7603602916791928
0.005471502858876333 -0.4349465119578514
0.005300137310594694 -0.1713655482816394
0.005758435624887329 0.4582983142926355
0.006264468249547139 0.50603262465981
0.006538135592162085 0.273667342614946
0.00786705493634236 1.328919344180274
0.009073415751227618 1.206360814885258
0.0109477788162336 1.874363065005982
0.01266773450022591 1.719955683992311
0.01449393904908649 1.826204548860575
0.01596266211000506 1.468723060918577
0.01842489713146134 2.462235021456274
0.01987110234537966 1.446205213918319
0.02087000912883894 0.9989067834592879
0.02404150690507825 3.171497776239304
0.02624816101907275 2.206654113994497
0.02933763480173471 3.089473782661969
0.03167814703778216 2.340512236047448
0.03299013356199898 1.311986524216817
0.03583092834502772 2.840794783028739
0.03765402602393489 1.823097678907169
0.03672710619334063 -0.9269198305942583
0.04027885547492018 3.551749281579551
0.04253390542186255 2.255049946942367
0.04342197899510197 0.8880735732394174
0.04502779643639401 1.605817441292047
0.04652373347749062 1.495937041096608
0.04764844873377546 1.124715256284839
0.04846076162300274 0.8123128892272776
0.0485837617311521 0.1230001081493626
0.0501916783457428 1.607916614590699
0.05037139755197617 0.1797192062333725
0.05140677799053989 1.035380438563716
0.05182521588741688 0.418437896876997
0.05248846003480427 0.6632441473873874
0.05291138338051813 0.422923345713859
0.05327594398572863 0.3645606052104997
0.05332468182137547 0.04873783564683654
0.05381764663035134 0.4929648089758709
0.0540163596576621 0.198713027310761
0.0539670465650269 -0.0493130926351934
0.05439844387807133 0.4313973130444237
0.05450524922388836 0.1068053458170362
0.05472442640798379 0.2191771840954274
0.05488756524185102 0.1631388338672324
0.05503385461244366 0.1462893705926338
0.05505169822429898 0.01784361185531991
0.05531205168664425 0.2603534623452711
0.05547556970898258 0.163518022338327
0.05562567723553351 0.1501075265509313
0.05588584537946045 0.2601681439269379
0.05603551807358365 0.1496726941231999
0.05632478834829435 0.2892702747107068
0.05657766728721365 0.2528789389193015
0.05651440261863948 -0.06326466857417556
0.05708450576052066 0.5701031418811827
0.05738450728418181 0.3000015236611503
0.05761610511263869 0.2315978284568795
0.05793212200413417 0.316016891495477
0.05848699427094409 0.5548722668099262
0.05879064300007497 0.3036487291308773
0.05946462957772636 0.6739865776513865
0.05930382949983907 -0.1608000778872895
0.06063490140537692 1.331071905537849
0.06140706662109266 0.7721652157157421
0.06227524308648584 0.8681764653931806
0.06324487572520607 0.9696326387202275
0.06431963510061149 1.074759375405423
0.06550142731503518 1.181792214423688
0.06679073389194905 1.289306576913868
0.06926884702466979 2.478113132720741
0.07071541228401462 1.446565259344834
0.07238656638515174 1.67115410113712
0.07428047467536428 1.893908290212534
0.07786087815296824 3.580403477603966
0.08009628343997799 2.235405287009745
0.08331279594846244 3.216512508484453
0.08583054385160713 2.517747903144685
0.08998410575153552 4.153561899928396
0.09367991701843847 3.695811266902951
0.0956918605849968 2.01194356655833
0.1010376921841553 5.345831599158537
0.1043188111773725 3.281118993217147
0.1063670746846889 2.048263507316392
0.1075991680030984 1.232093318409552
0.1051336396681644 -2.465528334934061
0.1026345933192805 -2.499046348883899
0.1001891741800245 -2.445419139255931
0.09991336270861666 -0.2758114714078858
0.1015222091414863 1.60884643286964
0.1038209003816795 2.298691240193218
0.1055683108333422 1.747410451662657
0.1055785872099209 0.01027637657874392
0.103545960437065 -2.032626772855914
0.1007019478512034 -2.844012585861602
0.0999587752235572 -0.7431726276461992
0.1014762281135416 1.51745288998438
0.1038269967311057 2.350768617564086
0.1045680838838533 0.741087152747677
0.1028036804325491 -1.764403451304269
0.1021226561379402 -0.6810242946089229
0.1045286155301513 2.405959392211166
0.1066811954419321 2.152579911780764
0.1053868678547202 -1.29432758721193
0.1059197848225262 0.5329169678060935
0.1088288430428442 2.909058220317922
0.1073750533386256 -1.453789704218569
0.1098720483391283 2.496995000502725
0.1088196678706577 -1.052380468470601
0.1092754171826484 0.4557493119906469
0.1092775612413512 -0.4645567353721292
0 0
0 0
0 0
