0.02627346795396424 2.234356708601934
0.02680279722327704 0.2360856153249963
0.02938887244427692 2.586075220999875
0.02644160596623385 -2.947266478043067
0.02643115491450717 -0.01045105172668356
0.02503008412748579 -1.401070787021376
0.02509257096555867 0.06248683807287547
0.02549486943080799 0.4022984652493206
0.02638873733248649 0.8938679016785023
0.02639027238713829 0.001535054651797402
0.02663089493068609 0.2406225435478068
0.0287573550154291 2.126460084743008
0.03342603123864926 4.668676223220161
0.03602990189864943 2.603870660000167
0.03812893872340651 2.099036824757081
0.04053513215901831 2.406193435611797
0.04192296726790019 1.387835108881887
0.04394572417612946 2.022756908229263
0.04427419647181372 0.3284722956842651
0.04899018191596106 4.715985444147336
0.05287061542150516 3.880433505544102
0.0565490080298112 3.67839260830604
0.05896490684281511 2.415898813003907
0.06200364280100022 3.038735958185108
0.06219228558343436 0.188642782434148
0.06693395023179805 4.741664648363682
0.06855865326541462 1.624703033616573
0.06832898046969917 -0.2296727957154521
0.07198223629047834 3.653255820779175
0.07202008004186716 0.0378437513888219
0.07180303887434122 -0.2170411675259387
0.07515655804038286 3.353519166041638
0.07572685447426683 0.5702964338839683
0.07322145681305646 -2.505397661210371
0.07541017147496319 2.188714661906732
0.07818342559155864 2.773254116595445
0.07323635286799474 -4.9470727235639
0.07871780225603202 5.481449388037282
0.0824005725470572 3.682770291025178
0.08463590464359209 2.235332096534898
0.08568662300727554 1.050718363683451
0.08521514396413751 -0.4714790431380317
0.08977222312986878 4.557079165731268
0.09126013860821983 1.487915478351046
0.09380603982335063 2.545901215130805
0.09507335915163509 1.267319328284458
0.09722749922187104 2.154140070235955
0.1014837495081649 4.256250286293881
0.1005795932207247 -0.9041562874402692
0.09874898476007993 -1.830608460644728
0.1032721505627796 4.523165802699708
0.1025415475573273 -0.730603005452371
0.1022000621534029 -0.3414854039243548
0.1049435445005492 2.743482347146289
0.09852531188797602 -6.418232612573182
0.1009441562944034 2.418844406427339
0.1023357363834252 1.391580089021835
0.100872705140764 -1.4630312426612
0.0912988097494728 -9.573895391291193
0.09785703482101785 6.558225071545048
0.08981448982842327 -8.042544992594575
0.09506905579609945 5.254565967676178
0.09397742438240329 -1.091631413696156
0.09024196166304692 -3.735462719356375
0.09032059394629015 0.07863228324322957
0.09222612206919238 1.905528122902234
0.08201909811477866 -10.20702395441372
0.09174740956470032 9.728311449921659
0.09149309905701888 -0.2543105076814323
0.0884868822836323 -3.006216773386583
0.09017107044326024 1.684188159627939
0.09071071304759859 0.5396426043383501
0.085065587902074 -5.645125145524593
0.08767600592521103 2.610418023137037
0.08228088476373244 -5.395121161478597
0.0885821192467475 6.301234483015061
0.08775091233800798 -0.8312069087395152
0.08683929142035786 -0.9116209176501244
0.08109870576736625 -5.740585652991611
0.0849375822998457 3.838876532479454
0.0812191318736134 -3.718450426232298
0.08276216892371036 1.543037050096951
0.07904817172219222 -3.713997201518132
0.07452140350581156 -4.526768216380664
0.07790965222262358 3.388248716812023
0.07852790001882481 0.6182477962012323
0.07500739795374707 -3.520502065077744
0.07657472123450287 1.567323280755803
0.07386133622255772 -2.713385011945152
0.07468006571251751 0.8187294899597852
0.07234111175163686 -2.338953960880644
0.06673236670345577 -5.608745048181096
0.07080326738863263 4.070900685176862
0.07178182820783929 0.9785608192066642
0.07101812053829791 -0.763707669541383
0.06647504261371932 -4.543077924578586
0.06824490618721907 1.769863573499744
0.06912752580625343 0.8826196190343666
0.06920810755758533 0.08058175133189571
0.06715045175999507 -2.057655797590263
0.06874710028140114 1.596648521406077
0.06981273964264906 1.065639361247914
0.06934146104902175 -0.4712785936273056
0.0718056858832207 2.464224834198947
0.07158316264045096 -0.2225232427697371
0.07327222294498616 1.689060304535195
0.07384637002677759 0.5741470817914318
0.07431875353981382 0.4723835130362314
0.0750843001822879 0.7655466424740798
0.07528120451657398 0.1969043342860827
0.07559925471710247 0.318050200528483
0.0768544157246086 1.255161007506139
0.07488946358415906 -1.964952140449547
0.07502507504342164 0.1356114592625801
0.07455642719856687 -0.4686478448547721
0.07486227687592149 0.3058496773546276
0.0755152445070118 0.6529676310903093
0.07415822556545298 -1.357018941558819
0.07354985959394354 -0.6083659715094419
0.07209573348195833 -1.454126111985213
0.07232690562804184 0.2311721460835081
0.0742232790109226 1.896373382880762
0.06976053828243181 -4.462740728490788
0.068803549269949 -0.9569890124828118
0.07149176429702542 2.688215027076418
0.06688303415913648 -4.608730137888942
0.06575478193240943 -1.12825222672705
0.06697246387924843 1.217681946839008
0.06349505631164565 -3.477407567602786
0.06352476866198384 0.0297123503381902
0.0622037703507814 -1.320998311202443
0.06122997758313524 -0.9737927676461561
0.05970703653922474 -1.5229410439105
0.06123288518714539 1.525848647920651
0.05588561639772894 -5.347268789416451
0.05441520334944643 -1.470413048282507
0.05435183872033918 -0.06336462910725565
0.05152634137369942 -2.825497346639755
0.04999271630500209 -1.533625068697336
0.05447353921720027 4.48082291219818
0.04723128927066123 -7.242249946539041
0.05008446868836405 2.853179417702821
0.04506935497473337 -5.015113713630677
0.0442646654886892 -0.8046894860441675
0.043749535478456 -0.5151300102331987
0.04591579195371467 2.166256475258671
0.04449760154897259 -1.418190404742087
0.04446051184641876 -0.03708970255382471
0.04438811584444185 -0.07239600197691404
0.04554758521443717 1.159469369995322
0.0434710208710384 -2.076564343398771
0.04554306982062234 2.072048949583939
0.04359470118714061 -1.948368633481731
0.04350467171782447 -0.09002946931613992
0.04420258105787137 0.6979093400468969
0.04395628313464236 -0.2462979232290066
0.04366417049554164 -0.2921126391007209
0.04622272674795398 2.558556252412345
0.04224814221433541 -3.974584533618569
0.0418888674175858 -0.3592747967496174
0.04151059779885103 -0.3782696187347653
0.04258375388341708 1.073156084566047
0.04086503442480279 -1.718719458614286
0.04108209835724399 0.2170639324411971
0.04070924720507241 -0.3728511521715813
0.04028741874701494 -0.421828458057466
0.04121319316650224 0.9257744194872963
0.03896997201429611 -2.243221152206126
0.03860003421937319 -0.3699377949229199
0.03923169523130186 0.631661011928672
0.03789607789532468 -1.335617335977188
0.03802488220248097 0.1288043071562897
0.03733305051616544 -0.691831686315529
0.03787566763694512 0.542617120779687
0.0374962155602396 -0.3794520767055262
0.03672461376529883 -0.7716017949407628
0.03678369301150472 0.05907924620588562
0.03577086493181778 -1.012828079686938
0.03546593013602696 -0.3049347957908219
0.03516789607822785 -0.2980340577991084
0.03487733774997165 -0.2905583282562033
0.03479798158049334 -0.07935616947830904
0.03561320796495497 0.8152263844616314
0.03436332133908939 -1.24988662586558
0.03392549428390391 -0.437827055185476
0.03382243868296413 -0.1030556009397818
0.03343620708754302 -0.386231595421116
0.03329042901921832 -0.1457780683246923
0.03298511705593844 -0.305311963279882
0.03278744750975935 -0.1976695461790925
0.03271611365178999 -0.07133385796936204
0.0327287378860286 0.01262423423861042
0.03289172159775242 0.1629837117238173
0.0332268118781279 0.3350902803754829
0.03345438435124858 0.2275724731206769
0.03387070167173224 0.4163173204836598
0.03404623151240408 0.1755298406718453
0.03408160265190996 0.03537113950587839
0.03376209840711693 -0.3195042447930244
0.03297184213051006 -0.7902562766068794
0.03298787302519781 0.01603089468775465
0.03315740870155319 0.1695356763553799
0.0325541188220423 -0.6032898795108945
0.03225310937982215 -0.3010094422201473
0.03195506290630561 -0.2980464735165417
0.03081099204319753 -1.144070863108075
0.03109549255052152 0.2845005073239918
0.0300758188094312 -1.019673741090323
0.03007200409185286 -0.003814717578341786
0.02979700056228578 -0.2750035295670805
0.02978262935533556 -0.01437120695021998
0.02917293531023319 -0.6096940451023637
0.02900100009497507 -0.1719352152581288
0.02841159466409956 -0.5894054308755066
0.02897807006658398 0.5664754024844176
0.0287842823725941 -0.1937876939898733
0.02771145000422597 -1.07283236836813
0.02798086736430922 0.2694173600832489
0.0273566653106869 -0.6242020536223226
0.02808590052556046 0.729235214873565
0.02743728511159757 -0.6486154139628969
0.02776512827632089 0.3278431647233196
0.02666989288526483 -1.095235391056059
0.0275324081375013 0.862515252236476
0.02586239489054761 -1.670013246953691
0.02776237361588766 1.899978725340045
0.02776879363450139 0.006420018613728651
0.02851738144441749 0.7485878099161014
0.02920065985136925 0.6832784069517595
0.02983514134367463 0.6344814923053866
0.02987034612108753 0.03520477741289496
0.03004469359173982 0.1743474706522932
0.02971204101493024 -0.332652576809582
0.03034095374984603 0.6289127349157868
0.03019610679411537 -0.1448469557306584
0.03023740175656602 0.04129496245065464
0.03030000571661586 0.06260396004983612
0.03034841230612611 0.04840658951024701
0.03054475924344839 0.1963469373222893
0.03058519593588039 0.04043669243199502
0.03063107497381838 0.04587903793799517
0.03007766390363349 -0.5534110701848928
0.03019593716347646 0.1182732598429721
0.03065376834414341 0.457831180666942
0.03098563072920156 0.3318623850581507
0.03117984542426384 0.1942146950622801
0.03117868294303927 -0.001162481224569606
0.03169460467172197 0.5159217286827035
0.03187878816989873 0.1841834981767612
0.03161373012170269 -0.265058048196043
0.03254405638453521 0.9303262628325217
0.03333173075274747 0.7876743682122544
0.03331300584523066 -0.0187249075168025
0.03436044843041677 1.04744258518611
0.03475263325478677 0.3921848243699927
0.0350952909318787 0.3426576770919343
0.03608017707132124 0.9848861394425381
0.0354027003876294 -0.6774766836918356
0.03717752266838627 1.774822280756865
0.03732023071629478 0.1427080479085088
0.03763603466340721 0.3158039471124335
0.0388834104871861 1.247375823778894
0.03950858955122029 0.6251790640341842
0.03976896549752862 0.2603759463083305
0.03966222359587066 -0.1067419016579571
0.0413708403738674 1.70861677799674
0.0404924273654832 -0.8784130083842046
0.04266313564840878 2.170708282925586
0.04276524690980484 0.1021112613960595
0.04353189028603059 0.7666433762257493
0.04481843184474317 1.286541558712578
0.04502992796302741 0.2114961182842351
0.04601171120258263 0.9817832395552228
0.04582199467578101 -0.1897165268016227
0.04654706273194302 0.7250680561620149
0.0488362654612922 2.289202729349182
0.04978100139236701 0.9447359310748027
0.05075893099356267 0.9779296011956651
0.04935120557156334 -1.40772542199933
0.05186645454920769 2.515248977644352
0.05374733192348087 1.880877374273178
0.05494458001742852 1.197248093947653
0.05173590205009177 -3.208677967336752
0.05661477362060233 4.878871570510555
0.05558047400712779 -1.034299613474537
0.05517238772508351 -0.4080862820442788
0.05091456070155768 -4.257827023525833
0.05325817591296925 2.343615211411576
0.05058730909720251 -2.67086681576674
0.04721880787462631 -3.368501222576203
0.04078128596679132 -6.437521907834989
0.03967070062186855 -1.110585344922768
0.0357290184101304 -3.94168221173815
0.03274119796784562 -2.987820442284787
0.03092845059326402 -1.812747374581595
0.02881915742774404 -2.109293165519981
0.0270308252249963 -1.788332202747739
0.02423989065211491 -2.790934572881393
0.02393363014620912 -0.3062605059057886
0.02337741179242199 -0.5562183537871287
0.02190927289982048 -1.468138892601514
0.02057286068279454 -1.336412217025934
0.01996394899935383 -0.608911683440707
0.01943115889404747 -0.5327901053063661
0.01832797451226168 -1.10318438178579
0.01830231868128269 -0.02565583097898991
0.0178513532293899 -0.4509654518927847
0.01751984604566035 -0.3315071837295506
0.01729647125362149 -0.2233747920388635
0.01706145499215611 -0.2350162614653817
0.01692480854623554 -0.136646445920565
0.01679102116383697 -0.1337873823985675
0.01681815797551926 0.02713681168228788
0.016510739995518 -0.3074179800012615
0.01670031448596988 0.1895744904518749
0.01508389801417543 -1.616416471794446
0.01511982186602002 0.0359238518445916
0.01516599256060991 0.0461706945898907
0.01526930972368913 0.1033171630792154
0.01533588708399996 0.06657736031083494
0.01535962584562693 0.02373876162697214
0.01537371929121123 0.0140934455842949
0.01547662902486117 0.1029097336499411
0.01552979391468568 0.05316488982450886
0.01553937860569764 0.00958469101195597
0.01552933167273931 -0.01004693295832831
0.01557777878112721 0.04844710838789942
0.01575132144594153 0.1735426648143256
0.01584596000076688 0.09463855482534644
0.01607745724351705 0.2314972427501748
0.0160463710395559 -0.03108620396114967
0.01632621089905782 0.2798398595019111
0.0164234968672766 0.09728596821878543
0.01648207861257765 0.05858174530105204
0.01653644208387659 0.05436347129893909
0.01633955367044783 -0.1968884134287627
0.01642239479115346 0.08284112070563315
0.01633843331354386 -0.08396147760959816
0.01617918742691174 -0.1592458866321242
0.01601443256130824 -0.1647548656034947
0.01614770874927709 0.1332761879688435
0.01619371035496316 0.04600160568607459
0.01644298066071601 0.2492703057528425
0.01734209312090364 0.8991124601876385
0.01843125008501173 1.089156964108082
0.02062934189793489 2.198091812923165
0.02374273370347797 3.113391805543077
0.02882862956012138 5.085895856643408
0.03564262385130611 6.813994291184736
0.04149247702415636 5.84985317285025
0.04815677064462442 6.664293620468061
0.05536307715557792 7.206306510953491
0.0590574089509438 3.694331795365886
0.06601884399424876 6.961435043304959
0.07288915703216359 6.870313037914827
0.07726151301061865 4.372355978455062
0.08417100482428412 6.909491813665472
0.0869136450905626 2.742640266278476
0.09119935031119855 4.285705220635955
0.09470067584562465 3.5013255344261
0.09711356215306491 2.412886307440257
0.1001293115391077 3.015749386042821
0.1030283134266455 2.899001887537791
0.1061997213595417 3.17140793289615
0.1067373833549 0.5376619953582906
0.1083357946011036 1.598411246203649
0.1097305480180105 1.394753416906841
0.1106563010356385 0.9257530176280532
0.1114417084697406 0.7854074341021033
0.1118745831182568 0.4328746485161572
0.112816081935238 0.9414988169812039
0.112653804507746 -0.1622774274919747
0.1127325591776008 0.07875466985481083
0.112643147425501 -0.0894117520997828
0.1124400913388885 -0.2030560866125436
0.1121534068873997 -0.2866844514888001
0.1116928602115812 -0.4605466758184629
0.1110826995221574 -0.6101606894237804
0.1109152244440972 -0.167475078060253
0.1096618233033039 -1.253401140793281
0.1087725491119024 -0.8892741914014873
0.1076824451297188 -1.090103982183607
0.1066755221191061 -1.006923010612726
0.1053962000509162 -1.27932206818987
0.1039362977331443 -1.459902317771933
0.1021786304386064 -1.757667294537829
0.1020038910296624 -0.1747394089440107
0.09919162279898899 -2.812268230673445
0.09737234802230518 -1.81927477668381
0.0953023768211514 -2.069971201153778
0.09338094991044982 -1.921426910701587
0.09194226681714483 -1.438683093304985
0.08988102274792475 -2.061244069220078
0.08764268238990162 -2.23834035802313
0.08662061079413659 -1.022071595765034
0.08520970707222608 -1.410903721910509
0.08308700128718002 -2.122705785046058
0.08153898839964835 -1.548012887531675
0.08033684463269301 -1.202143766955335
0.07903897473731981 -1.297869895373199
0.07714009274774045 -1.898881989579368
0.0762823241013752 -0.8577686463652479
0.07497206473030357 -1.310259371071626
0.0733038760366843 -1.668188693619274
0.07257591131498614 -0.7279647216981572
0.07074917046677366 -1.82674084821248
0.06936412410991287 -1.385046356860792
0.06806140490682806 -1.302719203084807
0.06690802603346557 -1.15337887336249
0.06557270193477178 -1.335324098693788
0.06463903916628436 -0.9336627684874282
0.06343612652302401 -1.202912643260348
0.06187357917662424 -1.562547346399767
0.06106058530249591 -0.8129938741283301
0.05938238505207807 -1.678200250417837
0.05802766833252498 -1.35471671955309
0.05735460358861746 -0.6730647439075199
0.05600183619734497 -1.352767391272498
0.05476261153982058 -1.239224657524386
0.05408637547106197 -0.6762360687586066
0.052450404183825 -1.635971287236977
0.05171664427733087 -0.7337599064941303
0.05010094874301673 -1.615695534314135
0.04929186610731581 -0.8090826357009181
0.04817386346969921 -1.118002637616598
0.04708223329611517 -1.091630173584046
0.04611902547424306 -0.9632078218721057
0.04521241618733025 -0.9066092869128086
0.04431568512197188 -0.8967310653583693
0.04293530635495051 -1.380378767021379
0.04254312821936566 -0.3921781355848419
0.04123444347193914 -1.308684747426521
0.04040739696051305 -0.8270465114260939
0.03943727397787562 -0.9701229826374266
0.03857791741316691 -0.8593565647087159
0.03774814650486284 -0.8297709083040644
0.03694451923545481 -0.8036272694080318
0.03583873575758955 -1.10578347786526
0.034978678551033 -0.8600572065565539
0.03443703908888689 -0.5416394621461096
0.03347929323450215 -0.9577458543847395
0.03256903518700333 -0.9102580474988214
0.03168202564858236 -0.8870095384209686
0.03080378073953321 -0.8782449090491486
0.03007705477017186 -0.7267259693613456
0.02916885439519368 -0.9082003749781818
0.02859534370720315 -0.5735106879905318
0.0279568648601976 -0.6384788470055504
0.02693698080526834 -1.019884054929254
0.02610188630408172 -0.8350945011866214
0.02511434690820454 -0.9875393958771878
0.02456081988973523 -0.5535270184693041
0.02363733110963953 -0.9234887800956965
0.02273658809986863 -0.9007430097709053
0.02189996228552619 -0.8366258143424343
0.02099539832883687 -0.9045639566893255
0.01947779658066007 -1.517601748176802
0.01909988721476838 -0.3779093658916911
0.01821336232581802 -0.886524888950354
0.01708040385495843 -1.132958470859587
0.01616576412105829 -0.9146397339001473
0.01499521322661245 -1.170550894445841
0.01424866031848362 -0.7465529081288214
0.0131341302181189 -1.114530100364728
0.01224787633343551 -0.8862538846833908
0.01135492173536724 -0.8929545980682664
0.01068110131386808 -0.6738204214991622
0.01131890130734519 0.6377999934771093
0.01286412631548234 1.545225008137151
0.01533579938127871 2.471673065796371
0.01843473815108197 3.09893876980326
0.02100364205774017 2.568903906658204
0.02297588527173361 1.972243213993436
0.02366382100997031 0.6879357382366981
0.02407344677448005 0.409625764509744
0.02422648066300361 0.1530338885235571
0.02440326662856313 0.1767859655595234
0.02452924180684592 0.1259751782827848
0.02439957503007401 -0.1296667767719112
0.02451913034630054 0.1195553162265349
0.02452071518894944 0.001584842648897494
0.02451336586569137 -0.007349323258062923
0.0245438574139206 0.03049154822922298
0.02451935708588274 -0.02450032803785751
0.02444461827918303 -0.07473880669970831
0.02435353119707865 -0.09108708210438243
0.02434823063420937 -0.005300562869282183
0.02435542675351762 0.007196119308248289
0.02426189943618492 -0.09352731733269434
0.02421937930529711 -0.04252013088780829
0.02424936537205665 0.02998606675954155
0.02411792447562104 -0.1314408964356098
0.02414315047993952 0.02522600431847238
0.02400372297825675 -0.1394275016827692
0.0240841959844387 -0.02542374258165947
0.02403352814795532 -0.0506678364833868
0.02399128094894347 -0.04224719901184393
0.02413533187428112 0.03511037085404678
0.02397248211385224 -0.1628497604288792
0.0240391112453623 0.06662913151006533
