-0.368376710582547 12.73373978576836
-0.3440926064653935 24.39617501392499
-0.3007544321176336 43.33817434775994
-0.272547177797239 28.20725432039456
-0.2651632881427842 7.3838896544548
-0.2572151983725877 7.948089770196509
-0.2425490230823226 14.66617529026512
-0.2332267671651989 9.322255917123684
-0.2110901353250691 22.13663184012984
-0.2117104545017425 -0.6203191766734062
-0.2063023267064213 5.408127795321183
-0.1999940597697478 6.308266936673496
-0.1823784530936594 17.61560667608844
-0.1731991177586646 9.179335334994764
-0.1543195410439557 18.87957671470888
-0.09195157188822613 62.36796915572958
-0.02955092424341255 62.40064764481357
-0.003726553371387052 25.8243708720255
-4.505746263459603e-24 3.726553371387052
-2.101004887080486e-45 4.505746263459603e-21
-6.768799406238915e-67 2.101004887080486e-42
-8.660451280186653e-89 6.768799406238914e-64
-0.005774061190920467 -5.774061190920467
-0.07015236768719585 -64.37830649627537
-0.1376566575893343 -67.50428990213847
-0.12577796483117 11.87869275816433
-0.1605978122024013 -34.81984737123128
-0.1916777358380139 -31.07992363561265
-0.1572558498345933 34.42188600342064
-0.1673073040784057 -10.05145424381246
-0.1691441981096009 -1.836894031195108
-0.1262942822138663 42.84991589573455
-0.1031353859065236 23.15889630734265
-0.1449548266984277 -41.81944079190407
-0.1274153765167773 17.53945018165037
-0.1192873886661776 8.127987850599691
-0.1796136890186339 -60.32630035245627
-0.1670901772896125 12.52351172902139
-0.1606623849332526 6.427792356359957
-0.1609669210525105 -0.304536119257931
-0.1727159235290609 -11.74900247655042
-0.1856020350509708 -12.88611152190991
-0.1539021115532156 31.69992349775527
-0.1378347532944346 16.06735825878095
-0.1199645517120803 17.87020158235436
-0.1016124107565971 18.35214095548319
-0.08420614432243795 17.40626643415911
-0.06220639376582889 21.99975055660905
-0.05751878798162501 4.687605784203886
-0.05583959300361138 1.679194978013623
-0.04777347352664423 8.066119476967149
-0.04846640909027686 -0.6929355636326253
-0.05332486150125315 -4.858452410976294
-0.05626354705747983 -2.938685556226679
-0.08362750312688666 -27.36395606940683
-0.09060394822949369 -6.976445102607031
-0.09671938036563416 -6.115432136140464
-0.1123021656558775 -15.58278529024335
-0.1747424172343144 -62.44025157843694
-0.1411715229548159 33.57089427949858
-0.2092090038259878 -68.03748087117189
-0.1580888662358658 51.12013759012194
-0.1663209388928862 -8.232072657020362
-0.1910551757485476 -24.73423685566139
-0.194484165199353 -3.428989450805469
-0.1757947691231406 18.68939607621248
-0.2660697662240987 -90.27499710095815
-0.1717895103784059 94.28025584569279
-0.1679449187500341 3.844591628371863
-0.1817071894114816 -13.76227066144753
-0.1769551741560422 4.752015255439418
-0.1569030006941825 20.0521734618597
-0.1889638644029766 -32.06086370879407
-0.1667170746888045 22.2467897141721
-0.2030930713551714 -36.37599666636698
-0.1471835839089453 55.90948744622609
-0.1474283169688423 -0.2447330598969177
-0.1487026777122632 -1.274360743420966
-0.1862420250310315 -37.53934731876831
-0.1536939249688541 32.54810006217745
-0.1936080946868853 -39.91416971803119
-0.1587539274403777 34.85416724650761
-0.1803793887614023 -21.62546132102466
-0.2275705174763036 -47.19112871490128
-0.1881187922460527 39.45172523025089
-0.1724580233067361 15.66076893931659
-0.1947204268979167 -22.26240359118062
-0.1775817639762088 17.13866292170799
-0.1993105627060421 -21.7287987298333
-0.180595042365867 18.71552034017501
-0.2013352635693049 -20.74022120343783
-0.2763253374269493 -74.99007385764445
-0.2011515891170054 75.17374830994392
-0.1802348500969236 20.91673902008184
-0.1789465283100043 1.288321786919261
-0.218810909454393 -39.8643811443887
-0.1946456965521855 24.16521290220746
-0.172851222966108 21.7944735860775
-0.1703172198926668 2.534003073441232
-0.2069648890453062 -36.64766915263939
-0.1831965013431153 23.76838770219089
-0.2002534707561891 -17.0569694130738
-0.1983323484214824 1.921122334706676
-0.1578271061094722 40.50524231201019
-0.1722527218828391 -14.4256157733669
-0.152265502639533 19.98721924330615
-0.1495463277134982 2.719174926034767
-0.1468684993870492 2.677828326449028
-0.1780587836451163 -31.19028425806713
-0.1748313680009148 3.227415644201564
-0.1544627781819271 20.36858981898762
-0.1685903023159938 -14.1275241340667
-0.1351366668535979 33.45363546239597
-0.1472807999748171 -12.1441331212192
-0.1299684166656675 17.31238330914958
-0.1415395344054388 -11.57111773977126
-0.1540872603785461 -12.54772597310738
-0.1358419538307753 18.24530654777082
-0.1330533812483616 2.788572582413773
-0.1173063457853451 15.74703546301641
-0.1277269382956683 -10.42059251032314
-0.1547522827293857 -27.02534443371746
-0.1116199368597007 43.132345869685
-0.1095246381281367 2.095298731563999
-0.1475087554558343 -37.9841173276976
-0.1056360318532966 41.87272360253773
-0.1038352807696566 1.800751083640001
-0.1260807093072359 -22.24542853757934
-0.1004959680228123 25.58474128442366
-0.1099401881287087 -9.444220105896392
-0.1082986543068124 1.641533821896246
-0.1068165813218162 1.482072984996183
-0.1059926864209699 0.8238949008463059
-0.1290846098365635 -23.09192341559353
-0.09288650427420626 36.19810556235721
-0.09174285299625957 1.143651277946689
-0.1007642632362795 -9.021410240019886
-0.08972309484579498 11.04116839048448
-0.08884866395067546 0.8744308951195157
-0.1342383948534606 -45.38973090278515
-0.08739605504705646 46.84233980640416
-0.1191304596675469 -31.73440462049049
-0.08656284672498435 32.56761294256259
-0.08611522403461856 0.4476226903657871
-0.08575912138276778 0.3561026518507787
-0.1055291933815557 -19.77007199878794
-0.0947428880775659 10.78630530398983
-0.09457750100591525 0.1653870716506467
-0.09446624023546653 0.1112607704487206
-0.1048825046520442 -10.41626441657764
-0.08491217103325696 19.97033361878721
-0.1047906223379933 -19.87845130473629
-0.0848613539807619 19.92926835723135
-0.08481754590248104 0.04380807828086031
-0.09416816052507665 -9.350614622595607
-0.09405651130868876 0.1116492163878852
-0.09388754625473675 0.1689650539520166
-0.1284486771383512 -34.56113088361442
-0.08396342792276565 44.48524921558553
-0.08354814456071596 0.4152833620496843
-0.08301127449801345 0.5368700627025186
-0.1016976259072358 -18.68635140922234
-0.08205278043690455 19.64484547033124
-0.09075088464202177 -8.698104205117227
-0.09057592756143447 0.1749570805873041
-0.09041099954156324 0.1649280198712244
-0.1102184685434242 -19.80746900186092
-0.07835872041846054 31.85974812496363
-0.07601477715620711 2.343943262253428
-0.09134626509348008 -15.33148793727297
-0.07272351278448666 18.62275230899342
-0.0804216474963821 -7.698134711895441
-0.07256922084251086 7.852426653871245
-0.09075086463537638 -18.18164379286552
-0.09265994736955371 -1.909082734177336
-0.08554032941177642 7.119617957777296
-0.09766022221997762 -12.11989280820121
-0.08127118672595744 16.38903549402018
-0.08338427748183008 -2.11309075587264
-0.08538273124770115 -1.998453765871072
-0.08723744600603656 -1.854714758335402
-0.09882534219010514 -11.58789618406858
-0.153152071610714 -54.32672942060887
-0.1013829495283456 51.76912208236836
-0.09263411649032124 8.748833038024401
-0.1043669906922758 -11.73287420195453
-0.09515126461439316 9.215726077882611
-0.107014108531786 -11.86284391739284
-0.09742758347266517 9.586525059120831
-0.09850635228863427 -1.078768815969106
-0.09955713126571467 -1.050778977080391
-0.1703433832056434 -70.78625193992869
-0.1128306673731792 57.51271583246412
-0.113442242565822 -0.6115751926427521
-0.1145439272747353 -1.101684708913281
-0.1040705085292049 10.4734187455304
-0.1050424265392785 -0.9719180100736663
-0.1060069926841152 -0.9645661448366982
-0.1188496662688825 -12.84267358476722
-0.1480342347614883 -29.18456849260582
-0.1343979984259161 13.63623633557215
-0.1098002221527254 24.59777627319069
-0.1229820866264724 -13.18186447374696
-0.1235465565807694 -0.5644699542969589
-0.1121090041349358 11.43755244583351
-0.1395269463978468 -27.41794226291098
-0.1139146000639681 25.61234633387877
-0.1417303916239894 -27.81579156002134
-0.12853043111214 13.19996051184943
-0.1294909146187684 -0.9604835066283901
-0.1173951714505196 12.09574316824873
-0.1313752322034192 -13.98006075289961
-0.1322535726840603 -0.8783404806411155
-0.1475075628904065 -15.25399020634616
-0.1202958414422376 27.21172144816896
-0.1210994574600412 -0.8036160178035989
-0.1504858519427374 -29.38639448269624
-0.1363103429421144 14.17550900062295
-0.1524166722924508 -16.10632935033635
-0.1242284141075919 28.18825818485884
-0.1388798517473396 -14.65143763974766
-0.1257474283931322 13.13242335420742
-0.1561199185898671 -30.37249019673494
-0.1268643093998495 29.25560919001763
-0.1750375854240971 -48.17327602424759
-0.1284054418344061 46.632143589691
-0.1435448863856166 -15.13944455121052
-0.1443683343825133 -0.8234479968967368
-0.1451833171415083 -0.8149827589949421
-0.131431208648834 13.75210849267427
-0.1469567866313065 -15.52557798247253
-0.1479361905729465 -0.979403941639978
-0.183809364110871 -35.87317353792447
-0.1344877575906647 49.32160652020626
-0.1503983048623574 -15.91054727169267
-0.1513202658713161 -0.9219610089586938
-0.1521854307433672 -0.8651648720510718
-0.152985100690272 -0.7996699469048352
-0.1383403382605244 14.64476242974758
-0.1389215882543901 -0.5812499938656623
-0.1394243178923208 -0.5027296379306878
-0.1918286773828248 -52.40435949050406
-0.1922627403634477 -0.4340629806229013
-0.1558916220639746 36.37111829947309
-0.1404884151295866 15.40320693438801
-0.140572765257532 -0.08435012794541508
-0.156170262242629 -15.59749698509694
-0.1404318540939011 15.73840814872787
-0.1557925547665495 -15.36070067264839
-0.1919104164577582 -36.11786169120873
-0.1550158457587153 36.89457069904295
-0.1392261839761771 15.78966178253816
-0.1713296831955257 -32.10349921934863
-0.1384024035640181 32.9272796315076
-0.1528379369662621 -14.43553340224393
-0.1517203307103282 1.117606255933851
-0.1354526947826772 16.26763592765101
-0.1842492427441692 -48.79654796149194
-0.133175312861885 51.07392988228418
-0.146715398333388 -13.54008547150298
-0.1616451366505848 -14.92973831719688
-0.1298447089770106 31.80042767357419
-0.1288322388945062 1.012470082504491
-0.1425054190083767 -13.67318011387059
-0.1570587933563019 -14.5533743479252
-0.1261917064902397 30.86708686606224
-0.1717007009374502 -45.50899444721054
-0.1241442668549314 47.55643408251879
-0.1367864000186364 -12.64213316370495
-0.1356154387050075 1.170961313628899
-0.1209777762562915 14.637662448716
-0.1331957462363404 -12.2179699800489
-0.1319416553475264 1.254090888814008
-0.1452473154663835 -13.30566011885714
-0.1444489996977369 0.7983157686466402
-0.1158090095488225 28.63999014891436
-0.114590701016824 1.218308531998516
-0.1133507916739018 1.239909342922188
-0.1537515811973086 -40.40078952340676
-0.1458972333931511 7.854347804157446
-0.2040589489844747 -58.16171559132358
-0.2588554465328108 -54.79649754833607
-0.3170344479024703 -58.17900136965947
-0.3321097041577511 -15.07525625528083
-0.4783843877811907 -146.2746836234396
-0.5686674813814332 -90.28309360024249
-0.6564393909469498 -87.77190956551661
-0.7459224000620571 -89.48300911510731
-0.786407036719087 -40.48463665702984
-0.819781777594472 -33.37474087538506
-0.8320338981091219 -12.25212051464985
-0.8282114191864878 3.822478922634098
-0.8497821985802078 -21.57077939371998
-0.8414198240091648 8.36237457104294
-0.7962149128814254 45.20491112773939
-0.877414794127238 -81.19988124581256
-0.9219507487273966 -44.53595460015858
-0.9615180517693228 -39.56730304192624
-0.968462133978776 -6.944082209453195
-0.9276899138202083 40.77222015856774
-0.878625722086666 49.06419173354226
-0.8504545645049988 28.17115758166722
-0.7715677317550783 78.88683274992047
-0.7158756197671123 55.69211198796597
-0.6225084597621556 93.3671600049567
-0.5596626487672244 62.84581099493125
-0.5169667242682245 42.69592449899984
-0.474746317744392 42.22040652383257
-0.4442325555373459 30.5137622070461
-0.4184009943847885 25.83156115255736
-0.4205771344183294 -2.176140033540941
-0.405880115012128 14.69701940620144
-0.4126319115955629 -6.751796583434888
-0.4618063943164896 -49.17448272092667
-0.5095473145127672 -47.74092019627768
-0.6194459877965672 -109.8986732838
-0.6816629995660644 -62.21701176949712
-0.7381828682664046 -56.5198687003402
-0.8256625584137233 -87.47969014731871
-0.8916128744430195 -65.95031602929625
-0.9353952965208673 -43.78242207784777
-0.9876615620033158 -52.2662654824485
-1.02800332102706 -40.34175902374471
-1.055658473046115 -27.65515201905488
-1.063111868133159 -7.453395087044123
-1.07334932331184 -10.2374551786808
-1.086543918537608 -13.19459522576816
-1.053915086810922 32.62883172668651
-1.038188195594348 15.72689121657378
-1.014397134600594 23.79106099375372
-0.9867262692412192 27.67086535937524
-0.9617335181620561 24.9927510791631
-0.9348379908037168 26.89552735833933
-0.9098647899972727 24.97320080644405
-0.8869780882110728 22.88670178619989
-0.8790852265845404 7.892861626532466
-0.8649782117070935 14.10701487744681
-0.8587428890808353 6.235322626258255
-0.8533855177483071 5.357371332528227
-0.8537114315629241 -0.325913814616996
-0.8599402093867508 -6.228777823826692
-0.86022168000947 -0.2814706227192154
-0.8709313091692604 -10.70962915979046
-0.8685240069990785 2.407302170181924
-0.8784261470890994 -9.902140090020882
-0.8857755920356103 -7.349444946510908
-0.8883802963494885 -2.604704313878159
-0.8887909070697982 -0.4106107203097897
-0.8873665919697845 1.424315100013729
-0.8787864013043429 8.580190665441577
-0.8710481436470515 7.738257657291414
-0.8518050225600328 19.24312108701875
-0.8493335670827626 2.471455477270124
-0.8309786054646768 18.35496161808581
-0.8087394192754649 22.23918618921195
-0.789672594235214 19.06682504025092
-0.7609235612909231 28.74903294429087
-0.7381876927409926 22.73586854993048
-0.7140142958397047 24.17339690128795
-0.6845696863043346 29.44460953537009
-0.6715405974062811 13.02908889805343
-0.6449676371078829 26.57296029839829
-0.619244640503392 25.72299660449085
-0.5879109736426291 31.33366686076289
-0.5757267179160843 12.1842557265448
-0.5534767186950587 22.24999922102566
-0.5345995115376345 18.87720715742413
-0.5146999183087104 19.89959322892409
-0.5033357384455743 11.36417986313609
-0.4965345031134311 6.801235332143218
-0.4706685574996853 25.86594561374583
-0.4650229702472142 5.645587252471107
-0.4545511957020687 10.47177454514547
-0.4472629073913934 7.288288310675295
-0.4390354438507805 8.227463540612877
-0.431337992998907 7.697450851873566
-0.4293819636349369 1.956029363970102
-0.4259888946011762 3.393069033760687
-0.4234774536341552 2.511440967020995
-0.4240367081589834 -0.5592545248282454
-0.423081831137492 0.9548770214913849
-0.4242880703604693 -1.206239222977246
-0.4262001203928231 -1.912050032353785
-0.4292858908498701 -3.085770457047055
-0.4332929643206117 -4.007073470741529
-0.4379373298376797 -4.644365517068094
-0.4415058033442549 -3.568473506575187
-0.4475537320600561 -6.047928715801176
-0.4541823530890567 -6.628621029000636
-0.4603386792005008 -6.15632611144401
-0.4673944044198461 -7.055725219345332
-0.4752119588524109 -7.817554432564766
-0.4794596753593839 -4.247716506973031
-0.4885099810728712 -9.050305713487361
-0.4931482713230422 -4.638290250170984
-0.499083547258681 -5.935275935638806
-0.5071899750806147 -8.106427821933659
-0.5138547045135589 -6.664729432944161
-0.5193205120205198 -5.465807506960907
-0.5278679373540101 -8.547425333490288
-0.5326732276897103 -4.805290335700207
-0.534861342839695 -2.188115149984737
-0.5400395949378655 -5.178252098170466
-0.5450909766217541 -5.051381683888634
-0.5480839224993311 -2.992945877577036
-0.552719517480687 -4.635594981355906
-0.5562069885926072 -3.48747111192016
-0.5625525575403764 -6.345568947769165
-0.5610618373696036 1.490720170772786
-0.5632646119604788 -2.202774590875256
-0.5643878441563884 -1.123232195909596
-0.5663411775206392 -1.953333364250742
-0.5670953305434554 -0.7541530228162285
-0.5679547668409255 -0.8594362974700953
-0.5675206644318088 0.4341024091166767
-0.5683084054793258 -0.7877410475169988
-0.5656646852628242 2.64372021650161
-0.5641965321159166 1.468153146907625
-0.5619812199781071 2.215312137809455
-0.5606493447081727 1.331875269934391
-0.5567173238306917 3.932020877481013
-0.5541616890485699 2.555634782121841
-0.5479977913691758 6.16389767939407
-0.5427046211602969 5.293170208878872
-0.5374586379671251 5.245983193171821
-0.5327881671862582 4.670470780866909
-0.5265207253804035 6.267441805854701
-0.5205618010078528 5.958924372550745
-0.5148719114978799 5.689889509972845
-0.5073656601588914 7.506251338988523
-0.5045863297497575 2.779330409133918
-0.5050045920693161 -0.4182623195586599
-0.5094043204867994 -4.399728417483262
-0.5115253391493313 -2.121018662531893
-0.5172621720975381 -5.736832948206816
-0.5246145438597939 -7.352371762255783
-0.530018141363317 -5.40359750352315
-0.5395486228784745 -9.530481515157451
-0.5479978016219138 -8.449178743439312
-0.5522524875734331 -4.254685951519344
-0.5607326849812188 -8.480197407785605
-0.5676602216703164 -6.927536689097624
-0.5746284560237765 -6.968234353460168
-0.5812840846956544 -6.655628671877856
-0.5869168065911322 -5.63272189547781
-0.5929966939717599 -6.079887380627702
-0.5971784941884417 -4.181800216681797
-0.6008210496962998 -3.642555507858081
-0.6073941496356019 -6.573099939302107
-0.6128185530954506 -5.424403459848737
-0.6190439591039444 -6.22540600849375
-0.6216984044428387 -2.654445338894362
-0.6268592291545895 -5.160824711750722
-0.6317490044314703 -4.889775276880837
-0.6361905711766775 -4.441566745207237
-0.6410859804929318 -4.895409316254207
-0.6492122915709937 -8.126311078061942
-0.650512812005908 -1.300520434914354
-0.6550078721201368 -4.495060114228733
-0.6613166071479453 -6.308735027808487
-0.6653064485945008 -3.989841446555564
-0.6720268341851781 -6.720385590677225
-0.6753892073762373 -3.362373191059254
-0.6819092892904296 -6.520081914192288
-0.6867449728035132 -4.835683513083611
-0.6918771071688407 -5.132134365327445
-0.6983132099207499 -6.436102751909201
-0.7040196612149305 -5.706451294180681
-0.7121758368629966 -8.156175648066032
-0.7185763663949659 -6.400529531969346
-0.7290406686510559 -10.46430225608996
-0.736515613923832 -7.474945272776146
-0.7447187151872833 -8.20310126345125
-0.7482577032005091 -3.53898801322583
-0.7510794583129692 -2.821755112460078
-0.7503574207844752 0.7220375284939795
-0.7489979616920112 1.359459092464044
-0.7455387560537433 3.459205638267848
-0.7406617082333631 4.877047820380231
-0.7352538527025564 5.407855530806693
-0.7285443355067192 6.709517195837233
-0.7206689391950235 7.875396311695648
-0.7097190088469623 10.94993034806124
-0.6965825818981974 13.13642694876482
-0.6832915274394676 13.2910544587298
-0.6662835480796957 17.00797935977194
-0.646107050398921 20.17649768077467
-0.6209430121687226 25.16403823019841
-0.5931263834779212 27.81662869080137
-0.5557238717107689 37.40251176715237
-0.515155244162621 40.56862754814783
-0.4687403018063639 46.41494235625715
-0.4203925201108382 48.34778169552573
-0.3841909486787191 36.20157143211905
-0.4366614244345024 42.81408952601412
-0.4216673138218421 14.99411061266032
-0.4085469266005484 13.12038722129372
-0.4454479215793856 50.05477880962111
-0.3947273257544393 50.72059582494636
-0.3811104503683153 13.61687538612394
