0.0392515503649979 39.2515503649979
0.03188947527357966 -7.362075091418244
0.02549402151806799 -6.395453755511669
0.01967234897845884 -5.821672539609149
0.01492515658764555 -4.747192390813294
0.01134787507851387 -3.577281509131676
0.008702470597238807 -2.645404481275063
0.006895196372145241 -1.807274225093566
0.005505445449739924 -1.389750922405317
0.004941095979066099 -0.564349470673825
0.004366022876964656 -0.5750731021014425
0.007057340644206734 2.691317767242078
0.01326606573134104 6.208725087134304
0.01899045214234042 5.724386410999377
0.02446624426613059 5.475792123790179
0.02965387255430221 5.187628288171618
0.0333309865376652 3.677113983362991
0.03607991649718968 2.748929959524478
0.03730081558998466 1.220899092794977
0.03771311730589515 0.4123017159104944
0.03721291646181359 -0.5002008440815677
0.03642404009156579 -0.7888763702477986
0.03551569847117672 -0.9083416203890665
0.03487213250561028 -0.643565965566438
0.0343584849844087 -0.5136475212015809
0.03472495674665174 0.3664717622430397
0.03521678474703631 0.4918280003845671
0.0363887528492957 1.171968102259391
0.03838533812864609 1.996585279350392
0.04058755215381313 2.202214025167043
0.04322579144973149 2.638239295918353
0.04658650841620299 3.360716966471506
0.04959049914694734 3.003990730744345
0.05254078610901826 2.950286962070919
0.05648572742795627 3.944941318938008
0.05985083419600121 3.36510676804494
0.06163446217451535 1.783627978514148
0.06549842875515997 3.863966580644619
0.06787684430673152 2.378415551571547
0.06968242112221315 1.80557681548163
0.07062590761775445 0.9434864955412958
0.0709706063264339 0.3446987086794528
0.07176664309760354 0.796036771169642
0.07160617766513722 -0.1604654324663252
0.07218332740240403 0.5771497372668161
0.07176499565583351 -0.4183317465705216
0.07158629991003623 -0.1786957457972776
0.07197721201556458 0.3909121055283432
0.07181836924270545 -0.1588427728591302
0.07207671334956112 0.2583441068556708
0.07372532653329997 1.648613183738851
0.07488262007485731 1.157293541557344
0.07662925519468231 1.746635119824993
0.07936648254898981 2.737227354307509
0.08119206320258759 1.82558065359778
0.08446747844788462 3.275415245297022
0.08788875536423671 3.421276916352092
0.09163947954775678 3.750724183520071
0.09346690167490185 1.827422127145067
0.09895131590976586 5.48441423486401
0.1015430161564907 2.591700246724851
0.1063516812993713 4.808665142880572
0.1102542197946584 3.902538495287128
0.1131728763720433 2.918656577384854
0.1157244767580134 2.551600385970104
0.1201319411756048 4.407464417591461
0.1196027742666278 -0.5291669089770579
0.1256183515936951 6.015577327067367
0.1283014628272345 2.683111233539342
0.1300250551869888 1.723592359754361
0.1329497006990019 2.924645512013019
0.1354383178699623 2.488617170960466
0.1355599986689006 0.1216807989383173
0.1393370951226853 3.777096453784684
0.1395182192812481 0.1811241585627232
0.1452611252063944 5.742905925146341
0.148313246018967 3.052120812572584
0.1515673176585514 3.254071639584438
0.1530735718929202 1.506254234368815
0.1583354055036557 5.261833610735455
0.1605413306380837 2.205925134428022
0.165449665001901 4.908334363817324
0.1685039797053791 3.054314703478084
0.169635018888322 1.131039182942911
0.1767550616820918 7.120042793769793
0.1822436120274488 5.488550345357002
0.1857301418113283 3.486529783879477
0.1914582935297829 5.72815171845456
0.1941265055397262 2.668212009943383
0.200704731677722 6.578226137995746
0.2056892257983191 4.984494120597149
0.2040201433662067 -1.669082432112445
0.2130298471714616 9.009703805254897
0.2195095931906067 6.479746019145111
0.2246620084657314 5.152415275124694
0.2268214486549523 2.159440189220874
0.2332871810895543 6.465732434602078
0.238102507490738 4.815326401183678
0.2445410911611364 6.438583670398374
0.2463878221292503 1.846730968113913
0.2533041001874736 6.916278058223257
0.2579908073119491 4.686707124475553
0.2637420606091129 5.751253297163805
0.2695423661351102 5.800305525997307
0.274720657117191 5.178290982080724
0.2805295816533085 5.808924536117588
0.2874737440533399 6.944162400031373
0.2936018949440091 6.128150890669204
0.2957958058169069 2.193910872897775
0.3024133189494414 6.617513132534502
0.3097897568810544 7.376437931612966
0.3152768893905752 5.487132509520875
0.3235926821927791 8.315792802203847
0.326269828140915 2.677145948135951
0.3358890618961474 9.619233755232326
0.3414877257158195 5.598663819672167
0.3452674112464265 3.779685530606924
0.3544621572599965 9.194746013570009
0.3614102201923532 6.94806293235678
0.3701562270201611 8.74600682780785
0.3756938430713466 5.537616051185467
0.378401127275519 2.707284204172433
0.3907447803904444 12.34365311492536
0.3987259071496323 7.98112675918794
0.4000016692497017 1.275762100069411
0.4142253194745805 14.22365022487881
0.422752896772694 8.527577298113487
0.4282353386926657 5.482441919971714
0.4396814415746397 11.44610288197395
0.4442587502074009 4.577308632761234
0.4547754858518013 10.51673564440036
0.4649671194402596 10.19163358845831
0.4728922772673804 7.925157827120777
0.4777990912379653 4.9068139705849
0.4936246307238085 15.82553948584325
0.504140142798738 10.51551207492946
0.5127385416116146 8.598398812876606
0.5225963918562375 9.857850244622934
0.5331046401934841 10.50824833724662
0.540632774748546 7.528134555061849
0.5565986427475043 15.96586799895827
0.5617092901401199 5.110647392615686
0.578558321601816 16.84903146169603
0.5904568432317242 11.89852162990823
0.6018643762841467 11.40753305242248
0.6055510604321982 3.686684148051511
0.6182931394796124 12.7420790474142
0.6264569851511123 8.163845671499859
0.6337807075300769 7.323722378964614
0.6377311391968884 3.950431666811527
0.6482638793783314 10.53274018144301
0.6522020399604906 3.938160582159234
0.6590827045912706 6.880664630779965
0.6619336747006606 2.85097010938995
0.6673110111403379 5.377336439677305
0.6726326544543493 5.321643314011415
0.6775670942162494 4.934439761900111
0.6754805119501771 -2.086582266072279
0.6900336108248407 14.55309887466361
0.6959123784547521 5.878767629911352
0.7018415619584105 5.929183503658453
0.7022297060064199 0.3881440480093534
0.7127702190777681 10.54051307134818
0.7174723941615518 4.702175083783788
0.722828391385972 5.35599722442015
0.7284876142519199 5.659222865947888
0.7287354659326878 0.2478516807679076
0.7419677414907041 13.23227555801632
0.7459761730777275 4.008431587023353
0.7497265487317396 3.75037565401215
0.7593746296667817 9.648080935042103
0.7652998589149115 5.925229248129771
0.7707062420040601 5.406383089148648
0.7720907094865226 1.384467482462459
0.7767537875119076 4.663078025385015
0.7854910942842351 8.737306772327535
0.7878082524470957 2.3171581628606
0.7947685609707427 6.96030852364693
0.8025970435287462 7.828482558003502
0.8080077338057019 5.410690276955732
0.8133145820835671 5.306848277865206
0.8171939275610502 3.879345477483143
0.8131349088600085 -4.05901870104175
0.8247229634921839 11.58805463217538
0.8316127331384446 6.889769646260757
0.8312406883914659 -0.3720447469787169
0.8404268846473202 9.186196255854261
0.8437057693205758 3.278884673255655
0.8492371804218827 5.531411101306838
0.8534523854114145 4.215204989531873
0.8554055695941924 1.953184182777901
0.8526009688586961 -2.804600735496376
0.8634474980458203 10.84652918712425
0.8627600194799641 -0.6874785658562699
0.8679348649814494 5.174845501485392
0.8728180347218055 4.883169740356075
0.8759992856458262 3.181250924020662
0.879069150337054 3.06986469122783
0.8801949520950786 1.125801758024569
0.8815487874998609 1.353835404782289
0.8834194306058408 1.870643105979952
0.887075556054518 3.656125448677217
0.8914062627243529 4.330706669834816
0.8923390162479042 0.9327535235513773
0.895626779971935 3.287763724030723
0.8957043319822693 0.07755201033432524
0.8978904421379964 2.186110155727117
0.8975245574309915 -0.3658847070049376
0.9000623507928076 2.537793361816143
0.9000695333256773 0.007182532869687286
0.8993484313656535 -0.72110196002384
0.9015925127075578 2.244081341904347
0.9003502010200383 -1.242311687519537
0.8980233232295272 -2.326877790511106
0.8998818238411306 1.85850061160342
0.8987117891021686 -1.170034738961934
0.8953460403868755 -3.36574871529316
0.8954249797445161 0.07893935764058391
0.8897119768865599 -5.713002857956173
0.8923206869478353 2.608710061275388
0.8886193497796719 -3.701337168163343
0.887631825503248 -0.9875242764239012
0.8845224426374388 -3.109382865809196
0.8822961665860125 -2.226276051426335
0.8768773130073606 -5.418853578651905
0.8764210546237992 -0.4562583835614475
0.8716215273230895 -4.79952730070965
0.8687900867815396 -2.831440541549934
0.8668189151530327 -1.971171628506907
0.8628888542926548 -3.930060860377838
0.8579786648992649 -4.910189393389941
0.8548706818561039 -3.107983043160956
0.850781061290804 -4.089620565299934
0.8463711254160315 -4.409935874772453
0.8417057708295782 -4.665354586453341
0.8372507248060623 -4.455046023515874
0.8322070509151152 -5.043673890947176
0.8282899676284522 -3.917083286662959
0.8224226133821276 -5.867354246324563
0.8167803043727917 -5.642309009335933
0.8119873151875425 -4.792989185249175
0.8070395670265349 -4.947748161007626
0.7995711878441224 -7.468379182412499
0.7963226020040248 -3.248585840097573
0.7889279502980333 -7.394651705991517
0.7823971515095779 -6.530798788455416
0.7770338203632423 -5.363331146335582
0.7693113938620417 -7.722426501200585
0.7621314097793752 -7.179984082666513
0.7582073604209251 -3.924049358450143
0.7507876653608581 -7.419695060067011
0.7425605209794673 -8.227144381390715
0.7369165448889258 -5.643976090541569
0.7286397562673533 -8.27678862157244
0.7208297799707131 -7.809976296640264
0.7150024227876501 -5.827357183062931
0.7058941241227135 -9.108298664936676
0.7019075961799452 -3.986527942768214
0.6914273036850537 -10.48029249489157
0.6853439591241419 -6.083344560911752
0.6774171991585161 -7.926759965625862
0.6679850917177496 -9.432107440766501
0.6596310715518299 -8.354020165919684
0.6517428698987237 -7.888201653106219
0.6461568387800398 -5.586031118683832
0.6353429702261569 -10.81386855388289
0.6321454955797198 -3.19747464643716
0.6198266051056673 -12.31889047405243
0.6131820081292314 -6.644596976435935
0.60477480150121 -8.407206628021413
0.5943968681267241 -10.37793337448589
0.5865375551243832 -7.859313002340884
0.5769472825656652 -9.590272558718027
0.5711386370855711 -5.808645480094077
0.5671119515883574 -4.026685497213744
0.5533062471383379 -13.8057044500195
0.5443287229264672 -8.977524211870701
0.5353366031985947 -8.992119727872504
0.5311601544527492 -4.17644874584544
0.5197452777167705 -11.41487673597874
0.5096855839252697 -10.05969379150073
0.5033911536717292 -9.099375561008149
0.5040455395565084 0.6543858847792849
0.4873388563801904 -16.70668317631802
0.4768991146040165 -10.43974177617396
0.4653321824833211 -11.56693212069537
0.4547357265957691 -10.59645588755198
0.4462494086198898 -8.486317975879343
0.4264026128511847 -19.84679576870502
0.4105959769270002 -15.80663592418458
0.4065279785124703 -4.067998414529872
0.3837943068844963 -22.73367162797396
0.3633197746482196 -20.47453223627677
0.3504779488412856 -12.84182580693399
0.3271542819312023 -23.32366691008325
0.3131940606906065 -13.96022124059582
0.2939457375211699 -19.24832316943659
0.2998954484980014 5.949710976831502
0.2523827364612504 -47.51271203675106
0.1986074203798272 -53.77531608142316
0.1428122002445973 -55.79522013522992
0.1198591735899773 -22.95302665461996
0.0912290397074752 -28.63013388250213
0.09115769431926347 -0.07134538821172709
0.07936407345813623 -11.79362086112724
0.06852016714396751 -10.84390631416872
0.05758371325575243 -10.93645388821508
0.05210340403790379 -5.480309217848638
0.0410251367310574 -11.07826730684639
0.02933994700571736 -11.68518972534004
0.02723803030995529 -2.101916695762068
0.02109662925210763 -6.141401057847658
0.01488927494254099 -6.207354309566647
0.01658405639782798 1.69478145528699
0.0166254815702315 0.04142517240352667
0.02511363390669101 8.488152336459509
0.0195025233781595 -5.611110528531509
0.01469634757152743 -4.806175806632073
0.0146940702599846 -0.002277311542831645
0.01216446015617163 -2.529610103812968
0.008818799073704539 -3.345661082467088
0.006841351644031556 -1.977447429672983
0.004898695591553604 -1.942656052477952
0.003929589331830586 -0.9691062597230182
0.003168852960695859 -0.7607363711347268
0.001798983941403565 -1.369869019292294
0.001650414945859715 -0.14856899554385
0.001626043065618056 -0.02437188024165954
0.001790093809394103 0.1640507437760477
0.001552141345658342 -0.2379524637357616
0.001776808868091533 0.2246675224331918
0.001263348304286781 -0.5134605638047521
0.001287930290448405 0.02458198616162401
0.0009930449226174995 -0.2948853678309059
0.0004858934428482647 -0.5071514797692349
4.446655468560537e-05 -0.4414268881626593
0 -0.04446655468560537
0 0
0 0
0 0
0 0
0 0
0 0
0 0
0 0
0 0
0 0
0 0
0 0
0 0
0 0
0 0
0 0
0 0
0 0
0 0
0 0
0 0
0 0
0 0
0 0
0 0
0 0
0 0
0 0
0 0
0 0
0 0
0 0
0 0
0 0
0 0
0 0
0 0
0 0
0 0
0 0
0 0
0 0
0 0
0 0
0 0
0 0
0 0
0 0
0 0
0 0
0 0
0 0
0 0
0 0
0 0
0 0
0 0
0 0
0 0
0 0
0 0
0 0
0 0
0 0
0 0
0 0
0 0
0 0
0 0
0 0
0 0
0 0
0 0
0 0
0 0
0 0
0 0
0 0
0 0
0 0
0 0
0 0
0 0
0 0
0 0
2.298178040934008e-06 0.002298178040934008
2.905135546014125e-05 0.02675317741920725
0.0003349225371607067 0.3058711817005655
0.0009640472300523411 0.6291246928916343
0.001334927539334994 0.3708803092826534
0.001796485559979729 0.4615580206447341
0.002003380415433899 0.20689485545417
0.002440084852540886 0.4367044371069878
0.002787916142201655 0.3478312896607691
0.003162964916691843 0.375048774490187
0.003133688471842942 -0.02927644484890073
0.003821353205822784 0.6876647339798423
0.00423296578995907 0.4116125841362853
0.004658986689374009 0.4260208994149393
0.005454959217943052 0.7959725285690433
0.005808628068939501 0.3536688509964483
0.006894226359430473 1.085598290490972
0.007919429781015777 1.025203421585304
0.007917203653096502 -0.002226127919275137
0.009759724733524237 1.842521080427735
0.01077909804486698 1.019373311342739
0.01150716290675847 0.7280648618914961
0.01247603669299088 0.9688737862324058
0.01402060801824527 1.544571325254391
0.0148262723146886 0.805664296443331
0.01653459964092268 1.70832732623408
0.01609174916772181 -0.442850473200869
0.01914430828372716 3.052559116005344
0.02066366972287302 1.519361439145869
0.02221263419462146 1.548964471748432
0.02380353550180445 1.590901307182996
0.02542763933772901 1.624103835924557
0.02709279000324596 1.665150665516948
0.02876524875097693 1.672458747730976
0.03195287960082091 3.187630849843976
0.03350411695942286 1.551237358601951
0.03502145437257213 1.517337413149272
0.03669452347501223 1.673069102440097
0.03974592191896496 3.051398443952726
0.04133614692708661 1.590225008121657
0.04318965293548979 1.853506008403179
0.04470538656050309 1.515733625013296
0.04682227089755001 2.116884337046918
0.04843861771544391 1.616346817893903
0.04905925522767484 0.6206375122309316
0.05104277054859959 1.98351532092475
0.05188674776169746 0.8439772130978684
0.05248751405553379 0.6007662938363328
0.05324694008319893 0.7594260276651346
0.05303632043053922 -0.2106196526597062
0.0515365096556328 -1.499810774906421
0.04509880823808593 -6.437701417546869
0.03570073382632785 -9.398074411758078
0.03006984117211105 -5.630892654216797
0.02806298466997172 -2.006856502139331
0.0327695995479373 4.70661487796558
0.04159171154315756 8.822111995220261
0.04848571897724498 6.894007434087412
0.04673219377067187 -1.753525206573105
0.03762863817189468 -9.103555598777193
0.03095258027125832 -6.676057900636359
0.03323801432300098 2.285434051742658
0.04325894555164956 10.02093122864858
0.04778718362003048 4.528238068380923
0.03870060441618302 -9.086579203847464
0.03232513063994699 -6.375473776236026
0.04055298950167365 8.227858861726659
0.04631880133477686 5.765811833103207
0.03484594549978355 -11.47285583499331
0.03955142269059296 4.705477190809409
0.04283557671393899 3.284154023346031
0.03710530447389159 -5.7302722400474
0.04169557442177436 4.590269947882766
0.03999977249414506 -1.695801927629297
0.03805181164326447 -5.310449522977698
0 0
0 0
0 0
