-4.723726900977385e-16 -4.723726900977385e-13
-0.01897974959324163 -18.97974959324116
-0.02740259793020475 -8.422848336963128
-0.007767386254058498 19.63521167614626
0.03409043342795053 41.85781968200903
0.09287835897706538 58.78792554911485
0.1576225394276985 64.74418045063311
0.2189739140974238 61.35137466972529
0.2582184765789406 39.24456248151681
0.2820212546652941 23.8027780863535
0.298175584797656 16.15433013236195
0.3072554399015355 9.07985510387943
0.4095175135992475 102.262073697712
0.5243385028565333 114.8209892572858
0.6250479314979596 100.7094286414263
0.7226268597005384 97.57892820257885
0.7547067532059393 32.07989350540086
0.7893873006887493 34.68054748281002
0.7533582631021194 -36.0290375866299
0.7327588606530863 -20.59940244903313
0.6737456610676448 -59.01319958544149
0.5985001396180034 -75.24552144964136
0.512777542564996 -85.72259705300745
0.4253166858940645 -87.46085667093151
0.3598883553664087 -65.42833052765579
0.2908556010429968 -69.03275432341182
0.2335091619058675 -57.34643913712936
0.2041333016920548 -29.37586021381272
0.1896996013554 -14.43370033665478
0.1868136773644627 -2.885923990937234
0.1945550307308473 7.741353366384596
0.2157774656879931 21.22243495714577
0.2420369676430741 26.25950195508103
0.2686420628571417 26.60509521406756
0.3042095192851164 35.5674564279747
0.3432288154206822 39.01929613556576
0.3746620515292277 31.43323610854554
0.4172100902685973 42.54803873936957
0.4541007423765763 36.89065210797898
0.4861781857437198 32.07744336714357
0.5058048369359761 19.62665119225626
0.5249198064285555 19.1149694925794
0.5378843256031871 12.96451917463159
0.5383431528340238 0.4588272308366781
0.5356748315581972 -2.668321275826613
0.5244728931967015 -11.20193836149563
0.5057981288216395 -18.67476437506199
0.4802959294110332 -25.50219941060638
0.4526093457038876 -27.6865837071456
0.4260412304033599 -26.56811530052761
0.3930036702290592 -33.03756017430071
0.3617124081981086 -31.29126203095067
0.3280228835704146 -33.68952462769392
0.301493907044312 -26.52897652610264
0.282984125291582 -18.50978175272999
0.2567342412354534 -26.2498840561286
0.2332182601926233 -23.51598104283009
0.2115877086784679 -21.63055151415547
0.2072941841775699 -4.293524500897982
0.1757942999471039 -31.49988423046601
0.1675626023174744 -8.231697629629469
0.1422035734607358 -25.3590288567386
0.1243243984948961 -17.87917496583968
0.1145354139633025 -9.788984531593561
0.1024616943105848 -12.07371965271778
0.07466493034551171 -27.79676396507305
0.08726342495942327 12.59849461391156
0.04287380603177749 -44.38961892764578
0.02661068307972748 -16.26312295205001
0.01762631243603512 -8.984370643692355
-0.0002599668724358574 -17.88627930847098
-0.01363678094468722 -13.37681407225137
-0.007087612624983338 6.549168319703885
-0.02997068724319342 -22.88307461821008
-0.02766573056571872 2.304956677474701
-0.05285476806969355 -25.18903750397482
-0.06017857280126505 -7.323804731571508
-0.06620202752942815 -6.023454728163097
-0.06263272498130296 3.569302548125195
-0.07465066957896635 -12.01794459766339
-0.07103589363368135 3.614775945285003
-0.07770770522241499 -6.671811588733645
-0.07689639435620474 0.8113108662102519
-0.07309384365132467 3.802550704880073
-0.07780810581039353 -4.714262159068866
-0.07867558055545026 -0.8674747450567316
-0.07570517864943054 2.970401906019729
-0.07609136970315453 -0.3861910537239915
-0.07217273749257534 3.918632210579184
-0.0724839044356914 -0.3111669431160591
-0.0701255573393276 2.358347096363802
-0.06783626938486606 2.289287954461539
-0.06600933545347398 1.826933931392077
-0.06309594573170395 2.913389721770035
-0.0605193707208371 2.576575010866847
-0.05850063801722149 2.018732703615612
-0.05569565351714828 2.804984500073208
-0.05417317380277579 1.522479714372492
-0.05098603768154314 3.187136121232649
-0.05002337557944726 0.9626621020958764
-0.04746969579323173 2.553679786215533
-0.04501123263178906 2.458463161442666
-0.0423395365153699 2.671696116419167
-0.04006491008237439 2.274626432995502
-0.03727736792681846 2.787542155555933
-0.03500551186569289 2.271856061125573
-0.03224326405294673 2.762247812746157
-0.02982750928032894 2.415754772617792
-0.0292750648968584 0.5524443834705357
-0.02771175632751704 1.563308569341362
-0.02412839988607203 3.583356441445015
-0.02249183538337579 1.636564502696239
-0.01935826516430934 3.133570219066448
-0.01859096344063296 0.7673017236763842
-0.01588050434027869 2.710459100354268
-0.01515621333758161 0.7242910026970754
-0.01437443707990876 0.7817762576728549
-0.01235028913434181 2.024147945566943
-0.01156500200051039 0.7852871338314277
-0.009653586896400522 1.911415104109864
-0.009920608652502213 -0.2670217561016909
-0.01106933249812568 -1.148723845623468
-0.008537664365413198 2.531668132712483
-0.008559938430734984 -0.02227406532178539
-0.01109124755421493 -2.531309123479951
-0.009281578408263165 1.80966914595177
-0.01002224229330154 -0.7406638850383714
-0.01252215286555038 -2.499910572248845
-0.0120251283220575 0.4970245434928796
-0.01472306505437734 -2.697936732319838
-0.01525764826152782 -0.534583207150479
-0.01625586609373099 -0.9982178322031701
-0.01872062483112683 -2.464758737395843
-0.02173930004847538 -3.018675217348551
-0.02193109270314118 -0.1917926546657969
-0.02414917738970555 -2.21808468656437
-0.02659335092265239 -2.444173532946844
-0.02917954791705629 -2.586196994403891
-0.0308382452872448 -1.658697370188516
-0.03419881415164301 -3.360568864398211
-0.03448626796276029 -0.2874538111172775
-0.03649921897274519 -2.012951009984901
-0.03608701898937821 0.4121999833669801
-0.03518707524438144 0.8999437449967659
-0.03314679840911704 2.040276835264407
-0.03220256755419547 0.9442308549215683
-0.02829833690727437 3.904230646921098
-0.0253165244339687 2.981812473305673
-0.02299036533789512 2.326159096073581
-0.021569652195438 1.42071314245712
-0.01896812780175846 2.601524393679538
-0.01819610180299538 0.7720259987630783
-0.01725020473965812 0.9458970633372601
-0.01782106730352179 -0.5708625638636694
-0.01755964045196013 0.2614268515616636
-0.01776435211476834 -0.2047116628082178
-0.01831071186300933 -0.5463597482409862
-0.02086090781762833 -2.550195954619003
-0.01976313232005539 1.097775497572947
-0.0211136183629079 -1.350486042852508
-0.02266665977778107 -1.553041414873179
-0.0258730659301584 -3.206406152377324
-0.0260909156352091 -0.217849705050701
-0.02891019494691417 -2.819279311705072
-0.03100333935710527 -2.093144410191098
-0.03345847219825354 -2.455132841148271
-0.03684595729400786 -3.387485095754317
-0.03867283743464859 -1.826880140640731
-0.04264188353745867 -3.969046102810084
-0.04693747493456342 -4.295591397104746
-0.04893503200666936 -1.997557072105936
-0.05293569359155676 -4.000661584887405
-0.05695035801104244 -4.014664419485676
-0.06101723740365016 -4.066879392607726
-0.06530867450895005 -4.291437105299882
-0.07014261835121 -4.833943842259949
-0.07441397831953211 -4.271359968322119
-0.07932970402220917 -4.915725702677051
-0.08354497450793411 -4.21527048572494
-0.08861609710446752 -5.071122596533417
-0.09368359463918201 -5.067497534714485
-0.09905098244473935 -5.367387805557344
-0.101016483881825 -1.965501437085626
-0.1069552264245553 -5.938742542730344
-0.1116216275611335 -4.666401136578208
-0.115624515363809 -4.002887802675422
-0.1202599822301426 -4.635466866333607
-0.1248550311339761 -4.595048903833526
-0.1284901185800588 -3.635087446082763
-0.1279699133650942 0.5202052149646808
-0.1229506253015542 5.019288063540017
-0.1161356494104262 6.814975891127978
-0.09813964162236882 17.99600778805735
-0.08306905049850993 15.07059112385889
-0.0740414272091639 9.027623289346032
-0.06642543132865678 7.615995880507126
-0.06555586644176398 0.8695648868927985
-0.06514423437314294 0.4116320686210345
-0.06769517740125819 -2.550943028115246
-0.07085172909733146 -3.156551696073276
-0.07496408553415487 -4.112356436823409
-0.0701706968464151 4.793388687739777
-0.06857316526359337 1.597531582821721
-0.0666688743873685 1.904290876224873
-0.0602898294275007 6.379044959867796
-0.05634471566656513 3.945113760935579
-0.05511441015106464 1.23030551550049
-0.05534450091984575 -0.2300907687811174
-0.05679556227899385 -1.451061359148097
-0.05811295079174032 -1.317388512746473
-0.05957804700240359 -1.465096210663271
-0.06173059912739307 -2.152552124989479
-0.06315289189610854 -1.422292768715465
-0.06323863484375758 -0.08574294764904233
-0.06644460433348012 -3.205969489722543
-0.06812640273127345 -1.681798397793324
-0.06784685523527133 0.2795474960021194
-0.07083054341310524 -2.983688177833912
-0.07058215960479447 0.2483838083107703
-0.07544562304983456 -4.863463445040087
-0.07682002663396952 -1.374403584134959
-0.07988226100154529 -3.062234367575772
-0.08085670385176991 -0.9744428502246189
-0.08390315399548899 -3.046450143719084
-0.08353731186602653 0.3658421294624598
-0.08750859221275903 -3.971280346732498
-0.08761698180558014 -0.108389592821112
-0.08894231814937399 -1.325336343793851
-0.09157059984636276 -2.628281696988768
-0.09278076162220508 -1.210161775842322
-0.09348598222033791 -0.7052205981328274
-0.09412909433757671 -0.6431121172388032
-0.09414892647739057 -0.01983213981385235
-0.09534516415758203 -1.196237680191461
-0.095429767186149 -0.08460302856697077
-0.09597862314178611 -0.548855955637112
-0.09637546004800157 -0.3968369062154614
-0.09658031125328835 -0.2048512052867796
-0.09671589347437877 -0.135582221090419
-0.0966564008271641 0.05949264721466507
-0.09647165731275076 0.1847435144133464
-0.09602046144531065 0.4511958674401073
-0.09531702568681902 0.7034357584916329
-0.09500203948580774 0.3149862010112803
-0.09402018579757085 0.9818536882368889
-0.09288942745552264 1.130758342048205
-0.09190385693078384 0.9855705247387991
-0.09040116639661691 1.502690534166934
-0.08898990246402672 1.411263932590195
-0.0882868235711269 0.7030788928998194
-0.08707508076121555 1.211742809911348
-0.08546121684132771 1.61386391988784
-0.0845122946982335 0.948922143094208
-0.08302711423513671 1.485180463096786
-0.08180260050558665 1.22451372955007
-0.08093571626551928 0.8668842400673671
-0.07923668571226535 1.699030553253933
-0.07892515244453042 0.3115332677349203
-0.07681792027549267 2.107232169037756
-0.07564027678958769 1.177643485904975
-0.0741695966113112 1.470680178276493
-0.07234902816752477 1.820568443786433
-0.07086520783837404 1.483820329150731
-0.06952879824502936 1.336409593344676
-0.06899355630524878 0.5352419397805785
-0.06699284726687048 2.000709038378304
-0.06721062939208566 -0.2177821252151851
-0.06494771579415606 2.2629135979296
-0.06432297157034801 0.6247442238080519
-0.06331992040810755 1.003051162240462
-0.06209596132480014 1.223959083307413
-0.06147902494757311 0.6169363772270259
-0.06046293272070707 1.016092226866036
-0.05997894195778683 0.4839907629202445
-0.05974158266334308 0.2373592944437466
-0.05807951199187641 1.662070671466669
-0.05725409095411207 0.8254210377643401
-0.05646789519760859 0.7861957565034883
-0.05638947357837792 0.07842161923066193
-0.05536902121585164 1.020452362526285
-0.05314088163683673 2.228139579014909
-0.051792620643113 2.151592487315751
-0.05206410420339119 -0.2714835602781948
-0.04341763720326799 8.646467000123199
-0.03307963107810431 10.33800612516368
-0.02128192147796728 11.79770960013704
-0.01102742523807474 10.25449623989254
-0.001605100596876293 9.422324641198442
0.01359760970817216 15.20271030504845
0.02514722590814226 11.54961619997011
0.02425359674889338 -0.8936291592488883
0.03832309632425987 14.06949957536649
0.04881288640012759 10.48979007586772
0.05224299224939946 3.430105849271871
0.06851625395674993 16.27326170735047
0.07494497259109509 6.428718634345159
0.07608390126592175 1.138928674826664
0.07604675832519504 -0.03714294072670876
0.07862959182631461 2.582833501119569
0.0285058547320437 -50.12373709427091
0.008314121900103092 -20.1917328319406
0.009630707617180956 1.316585717077864
0.005172145168940261 -4.458562448240695
0.009767569633859141 4.595424464918879
0.01169552888598633 1.927959252127189
0.01236067007182435 0.6651411858380248
0.01163304464446242 -0.7276254273619366
0.01442107361560004 2.788028971137626
0.004397099062334904 -10.02397455326514
3.963330712696324e-14 -4.39709906229527
3.933516650614966e-36 -3.963330712696324e-11
8.145237339324649e-58 -3.933516650614965e-33
4.581704195140116e-79 -8.145237339324649e-55
1.146956687719191e-89 -4.58170419502542e-76
5.725368369032625e-111 -1.146956687719191e-86
3.610742778454895e-132 -5.725368369032624e-108
3.043069907562991e-153 -3.610742778454895e-129
1.934114422675416e-168 -3.043069907562989e-150
5.45597004361473e-178 -1.93411442212982e-165
1.581501058399337e-187 -5.455970042033229e-175
1.255851078401507e-195 -1.581501045840826e-184
1.130428625613882e-201 -1.255849947972881e-192
3.490554705268919e-206 -1.130393720066829e-198
2.597705552476388e-208 -3.464577649744156e-203
2.362768312196097e-211 -2.595342784164191e-205
6.80852366616024e-214 -2.355959788529937e-208
9.634513553831861e-216 -6.712178530621921e-211
3.936601787772434e-217 -9.240853375054618e-213
3.503700362006381e-218 -3.586231751571795e-214
4.181470606640564e-219 -3.085553301342325e-215
1.047665845056956e-219 -3.133804761583608e-216
2.385126183437104e-220 -8.091532267132459e-217
1.085610133888545e-220 -1.299516049548559e-217
6.047956409473392e-221 -4.808144929412056e-218
2.551474313734097e-221 -3.496482095739295e-218
1.332986893698315e-221 -1.218487420035782e-218
7.598514950088197e-222 -5.731353986894952e-219
5.632914250537729e-222 -1.965600699550469e-219
2.949180577281817e-222 -2.683733673255912e-219
2.178056162210374e-222 -7.711244150714429e-220
1.660194199197911e-222 -5.178619630124625e-220
9.232012739596169e-223 -7.369929252382943e-220
6.966045877039804e-223 -2.265966862556365e-220
4.366861175087125e-223 -2.599184701952679e-220
3.404099006818259e-223 -9.627621682688655e-221
2.607900891148389e-223 -7.961981156698706e-221
1.799211632280578e-223 -8.086892588678106e-221
1.20871950540603e-223 -5.904921268745486e-221
7.212117897372023e-224 -4.875077156688273e-221
5.822922982724187e-224 -1.389194914647836e-221
2.998578157827096e-224 -2.824344824897091e-221
1.879237621736631e-224 -1.119340536090466e-221
1.482619592182169e-224 -3.966180295544618e-222
6.83630710689751e-225 -7.989888814924179e-222
4.588660119086373e-225 -2.247646987811137e-222
2.496647556753316e-225 -2.092012562333057e-222
8.578477380077256e-226 -1.63879981874559e-222
-3.567029257232438e-227 -8.935180305800499e-223
-5.527953662613566e-226 -5.171250736890322e-223
-7.673548491891627e-226 -2.145594829278061e-223
-8.732543604716269e-226 -1.058995112824642e-223
-8.637497269940897e-226 9.504633477537187e-225
-7.346211588160034e-226 1.291285681780863e-223
-6.513374965350364e-226 8.328366228096693e-224
-6.295573116976186e-226 2.178018483741782e-224
-6.374021496705181e-226 -7.844837972899529e-225
-4.099525641706736e-226 2.274495854998446e-223
-3.615180117507056e-226 4.8434552419968e-224
-2.69075582817546e-226 9.244242893315953e-224
-2.14890845929524e-226 5.418473688802202e-224
-1.880419179614329e-226 2.684892796809113e-224
-1.349212001294127e-226 5.312071783202019e-224
-1.046662847496946e-226 3.025491537971809e-224
-9.744812172286524e-227 7.218163026829374e-225
-8.961933291179977e-227 7.828788811065471e-225
-5.235785278481489e-227 3.726148012698487e-224
-4.082025299653314e-227 1.153759978828175e-224
-3.092850634756157e-227 9.891746648971572e-225
-2.339020145089779e-227 7.538304896663785e-225
-1.767562343543789e-227 5.714578015459893e-225
-1.453844974165186e-227 3.137173693786032e-225
-9.966957196108753e-228 4.571492545543108e-225
-1.107533685211229e-227 -1.10837965600354e-225
-6.572290827360052e-228 4.503046024752242e-225
-4.957777677681144e-228 1.614513149678908e-225
-3.716072637397149e-228 1.241705040283995e-225
-2.77397240817953e-228 9.421002292176192e-226
-2.032212223382427e-228 7.417601847971031e-226
-1.569915364141064e-228 4.622968592413625e-226
-1.425190353183811e-228 1.447250109572527e-226
-1.09909531825751e-228 3.260950349263016e-226
-7.25920967699147e-229 3.731743505583628e-226
-5.448197574550171e-229 1.811012102441299e-226
-3.413467869391814e-229 2.034729705158357e-226
-3.115241656132751e-229 2.982262132590628e-227
-2.276880068626169e-229 8.383615875065818e-227
-1.808029066719122e-229 4.688510019070474e-227
-9.648891317017827e-230 8.431399350173391e-227
-5.393155218434842e-230 4.255736098582986e-227
-1.069307918788208e-230 4.323847299646635e-227
9.912545459970424e-231 2.06056246478525e-227
2.297097046763977e-230 1.305842500766935e-227
2.710601806088132e-230 4.135047593241541e-228
2.720399568746124e-230 9.797762657991954e-230
2.865260401919115e-230 1.448608331729912e-228
3.038813846982913e-230 1.735534450637984e-228
4.220467018539951e-230 1.181653171557037e-227
4.729696978835507e-230 5.092299602955561e-228
7.821762360136249e-230 3.092065381300743e-227
1.070399710838082e-229 2.882234748244573e-227
1.376268937763239e-229 3.058692269251573e-227
1.723230400437086e-229 3.469614626738467e-227
2.248438235032263e-229 5.252078345951765e-227
2.745447960434062e-229 4.970097254017998e-227
3.310556799535406e-229 5.651088391013435e-227
3.300950420196611e-229 -9.606379338794973e-229
4.505799790389838e-229 1.204849370193228e-226
4.7033373663145e-229 1.975375759246615e-227
5.850057639902989e-229 1.146720273588489e-226
6.891042836768412e-229 1.040985196865423e-226
8.411054314785072e-229 1.52001147801666e-226
9.929550998610591e-229 1.518496683825519e-226
1.153771507199857e-228 1.608164073387984e-226
1.170255483752356e-228 1.648397655249856e-227
1.420884071048814e-228 2.506285872964577e-226
1.504832914321903e-228 8.394884327308974e-227
1.325137728011419e-228 -1.796951863104846e-226
1.508088390346388e-228 1.829506623349693e-226
1.423257485003001e-228 -8.48309053433875e-227
1.400212123431864e-228 -2.304536157113687e-227
1.32506106382206e-228 -7.51510596098039e-227
1.275802525544828e-228 -4.925853827723167e-227
1.194731170826311e-228 -8.10713547185171e-227
1.215528153164369e-228 2.079698233805806e-227
1.239498699268531e-228 2.397054610416189e-227
1.275060733399428e-228 3.556203413089722e-227
1.316222327464378e-228 4.116159406494991e-227
1.440983569064229e-228 1.247612415998512e-226
1.511493901817854e-228 7.051033275362462e-227
1.63044879741742e-228 1.189548955995661e-226
1.728580125003999e-228 9.813132758657885e-227
1.87964152235845e-228 1.510613973544511e-226
2.037538786111448e-228 1.578972637529975e-226
2.225476668365211e-228 1.879378822537634e-226
2.409953381334502e-228 1.84476712969291e-226
2.633443410114717e-228 2.234900287802149e-226
2.906910542570588e-228 2.734671324558711e-226
3.187394014726629e-228 2.804834721560407e-226
3.333903244766346e-228 1.465092300397172e-226
3.85365278122875e-228 5.197495364624042e-226
4.2854870134575e-228 4.318342322287492e-226
4.762250448265903e-228 4.76763434808403e-226
5.284335535366425e-228 5.220850871005221e-226
5.852323978752774e-228 5.679884433863495e-226
6.465662828854609e-228 6.133388501018349e-226
7.120007012098418e-228 6.543441832438085e-226
8.281336352156974e-228 1.161329340058556e-225
8.914965137734619e-228 6.336287855776456e-226
9.713655315932692e-228 7.986901781980729e-226
1.054592579010458e-227 8.322704741718829e-226
1.208979346987455e-227 1.543867679769977e-225
1.302229960929235e-227 9.325061394178008e-226
1.425493931166526e-227 1.232639702372911e-225
1.526350734587029e-227 1.008568034205026e-225
1.670741104301387e-227 1.443903697143579e-225
1.802504214767142e-227 1.317631104657548e-225
1.864069312388048e-227 6.156509762090662e-226
1.999981384056537e-227 1.359120716684883e-225
1.860603513636963e-227 -1.393778704195736e-225
1.350360728449952e-227 -5.102427851870111e-225
7.63299249582951e-228 -5.870614788670008e-225
4.950100615379886e-228 -2.682891880449624e-225
2.593139304823406e-228 -2.35696131055648e-225
4.472989177013276e-229 -2.145840387122079e-225
-1.376620243924483e-229 -5.849609420937758e-226
1.606045284450067e-228 1.743707308842515e-225
2.947838799698825e-228 1.341793515248758e-225
4.976116319749286e-228 2.028277520050461e-225
5.433333430557912e-228 4.572171108086256e-226
3.468658120695639e-228 -1.964675309862273e-225
-2.989677850999087e-229 -3.767625905795547e-225
-1.882778886245158e-228 -1.58381110114525e-225
1.09012597069401e-228 2.972904856939168e-225
5.878452709117763e-228 4.788326738423753e-225
6.980666703188114e-228 1.102213994070351e-225
1.83997292266352e-228 -5.140693780524594e-225
-1.640684464370657e-228 -3.480657387034177e-225
3.476251138673067e-228 5.116935603043725e-225
7.535094883092841e-228 4.058843744419774e-225
1.415595846409773e-228 -6.119499036683068e-225
4.350260008459518e-229 -9.805698455638207e-226
6.431597686798929e-228 5.996571685952976e-225
-1.278456380712181e-229 -6.559443324870147e-225
4.750533759994619e-228 4.878379398065837e-225
-6.200839924921709e-231 -4.756734599919541e-225
1.639740583911202e-228 1.645941423836124e-225
1.042070458002796e-228 -2.658857142680149e-225
0 0
0 0
0 0
