0.007136993612041256 -0.1196218425127153
0.02083519584449989 13.70697538331194
0.05358039867767759 32.7452028331777
0.03057237630265905 -23.00802237501854
0.02967456214802663 -0.8978141546324113
0.03397117421429312 4.296612066266491
0.02682114779489305 -7.150026419400074
0.01559872814808682 -11.22241964680623
0.009220163901432453 -6.378564246654369
0.00834690960621327 -0.8732542952191829
0.01049080265643804 2.143893050224773
0.01501148035157622 4.52067769513818
0.02164537235765574 6.633892006079518
0.03212701883588278 10.48164647822704
0.04435547056709273 12.22845173120995
0.05989720590927664 15.54173534218391
0.07265908154984908 12.76187564057244
0.08859001888983924 15.93093733999015
0.09869369068479183 10.1036717949526
0.1310915266299059 32.39783594511411
0.1526565245810268 21.56499795112082
0.1825544226098386 29.89789802881179
0.2042387561840505 21.68433357421198
0.2314620714136564 27.22331522960586
0.2307443273671202 -0.7177440465362117
0.264909894173059 34.16556680593879
0.2663098229253295 1.399928752270518
0.2653911118435186 -0.9187110818109079
0.2847055604331127 19.31444858959408
0.2753485664527199 -9.356993980392748
0.2602904198980205 -15.05814655469939
0.2650279533432312 4.737533445210662
0.2529642948333937 -12.06365850983748
0.2271141575775938 -25.85013725579988
0.2238267391598192 -3.287418417774607
0.2175086918696105 -6.318047290208767
0.1910554253496579 -26.45326651995256
0.1939842966035308 2.928871253872839
0.1898568727475513 -4.127423855979501
0.1835393391982314 -6.317533549319881
0.1742599458689345 -9.279393329296919
0.1673110816185182 -6.948864250416298
0.1719134887192893 4.602407100771172
0.1724452979085236 0.5318091892342613
0.173427502724049 0.9822048155254393
0.1756986113520605 2.271108628011442
0.1774000537740723 1.70144242201184
0.1838438152155081 6.443761441435797
0.1812357611897357 -2.608054025772411
0.1766253991643139 -4.61036202542181
0.1824775543229895 5.852155158675598
0.1811311289430921 -1.346425379897348
0.179974783881686 -1.156345061406105
0.1812079233676724 1.233139485986356
0.1682620681788994 -12.94585518877298
0.1695257403266646 1.263672147765155
0.1678502913458233 -1.675448980841265
0.1616737821563178 -6.176509189505492
0.1414248269883237 -20.24895516799408
0.1489573961865997 7.53256919827594
0.1314197293422116 -17.53766684438804
0.135046660739554 3.626931397342409
0.1271399013866366 -7.906759352917403
0.1168543842822035 -10.28551710443311
0.11014590879201 -6.708475490193544
0.1042684214094009 -5.877487382609083
0.08483232639410675 -19.43609501529415
0.09018645615097469 5.354129756867942
0.08239781206573038 -7.788644085244309
0.07420335578790248 -8.194456277827902
0.06660656627935244 -7.596789508550041
0.06079383995427897 -5.812726325073466
0.05123517482767291 -9.55866512660606
0.045989607706956 -5.245567120716908
0.03907358483067367 -6.916022876282332
0.03569532602455514 -3.378258806118528
0.02979885913332296 -5.896466891232182
0.02472718812776789 -5.071671005555073
0.02018760543495393 -4.539582692813956
0.01763326388563534 -2.554341549318589
0.0143781059406179 -3.255157945017446
0.01296413238011544 -1.413973560502452
0.01125724571003599 -1.706886670079457
0.01003582299665638 -1.22142271337961
0.009175440059960599 -0.860382936695778
0.008418131027910091 -0.7573090320505075
0.007811951999352664 -0.6061790285574273
0.007229807612436903 -0.5821443869157613
0.006782842233559006 -0.4469653788778966
0.006426172099886825 -0.3566701336721809
0.006163318796974614 -0.2628533029122113
0.006196841980485762 0.03352318351114783
0.005787067713798305 -0.4097742666874568
0.005501829237975818 -0.2852384758224875
0.005612667937610604 0.1108386996347861
0.005545983958693207 -0.06668397891739647
0.005419971041029193 -0.1260129176640142
0.005227707994444074 -0.1922630465851193
0.005255066091949715 0.02735809750564148
0.005458165626108116 0.2030995341584007
0.005310099177694819 -0.1480664484132966
0.005383685284233138 0.07358610653831858
0.005636352525032113 0.2526672407989752
0.005348668146966597 -0.2876843780655162
0.005536517671354943 0.1878495243883465
0.005403377977030778 -0.133139694324165
0.005418890355500117 0.01551237846933885
0.005437524566707655 0.01863421120753758
0.005820806082890424 0.3832815161827693
0.005856100397290535 0.03529431440011093
0.005696236206749624 -0.1598641905409112
0.005941082661113276 0.2448464543636525
0.005568563303319831 -0.3725193577934459
0.005807225760044442 0.238662456724611
0.005658554982948856 -0.1486707770955858
0.005912874521369633 0.2543195384207778
0.006209494199553294 0.2966196781836609
0.006031633123784465 -0.1778610757688292
0.006094377678356544 0.06274455457207923
0.005916493571907689 -0.1778841064488555
0.00621225513910461 0.2957615671969208
0.006847192251811031 0.6349371127064218
0.006040871473393218 -0.8063207784178129
0.006089331245108484 0.0484597717152653
0.007240169029751741 1.150837784643258
0.006306894051712024 -0.9332749780397174
0.006513469723431622 0.206575671719598
0.007484518855492743 0.9710491320611205
0.006654135583095869 -0.8303832723968738
0.007230626122683549 0.5764905395876808
0.007615780556516193 0.3851544338326438
0.007702660855014861 0.08688029849866774
0.007574080890167614 -0.1285799648472474
0.008727863798521425 1.153782908353811
0.007463866219142004 -1.26399757937942
0.00759396908857548 0.1301028694334757
0.00819643278059632 0.60246369202084
0.007855650130400547 -0.3407826501957735
0.007986798534690458 0.1311484042899116
0.01106780954880498 3.081011014114525
0.008638052715426446 -2.429756833378538
0.01085143444216252 2.213381726736069
0.008965965311272948 -1.885469130889567
0.009169612781701033 0.2036474704280849
0.009383852141321812 0.2142393596207791
0.01105320028690258 1.669348145580765
0.01053308373860812 -0.520116548294456
0.01077394283040976 0.2408590918016353
0.01101182725075941 0.2378844203496568
0.01210843962531297 1.096612374553553
0.01067651881385432 -1.431920811458645
0.01259075560764098 1.914236793786661
0.01097130174238512 -1.619453865255862
0.01115252876081993 0.1812270184348083
0.0121899058344761 1.037377073656167
0.01236602662058595 0.1761207861098544
0.01252530419202722 0.1592775714412686
0.01608241907230811 3.557114880280892
0.01186778696798597 -4.214632104322138
0.01196236499228025 0.09457802429428154
0.01203700756151016 0.07464256922990256
0.01411439275943641 2.077385197926255
0.01210225363731403 -2.012139122122381
0.01308225763753253 0.9800040002184984
0.01307482424212881 -0.007433395403716112
0.01303449446005046 -0.04032978207834867
0.0152336757853296 2.199181325279133
0.01195685211875568 -3.276823666573921
0.0118795564740489 -0.07729564470677387
0.0137661773270514 1.886620853002502
0.01167162156991693 -2.09455575713447
0.01245090530792879 0.7792837380118569
0.01143654283872487 -1.014362469203925
0.01311187090163167 1.675328062906805
0.012847452821936 -0.2644180796956674
0.01167881580526943 -1.168637016666576
0.01241029357071812 0.73147776544869
0.0104909816457116 -1.919311925006519
0.01031405497591738 -0.1769266697942192
0.0101304372099994 -0.1836177659179788
0.00993968849786268 -0.1907487121367204
0.01047459149309034 0.5349029952276645
0.01401830956060998 3.543718067519634
0.01013915758190087 -3.879151978709108
0.009227564817130496 -0.9115927647703748
0.009679818015303871 0.4522531981733749
0.008804278401521946 -0.8755396137819244
0.009205242136241168 0.4009637347192219
0.008376018279133422 -0.8292238571077464
0.008163183773112932 -0.2128345060204897
0.007963706486232588 -0.1994772868803441
0.01107580199890081 3.112095512668217
0.008107460063569044 -2.968341935331761
0.007998351868254316 -0.1091081953147281
0.007786473577354227 -0.2118782909000891
0.007119124158594984 -0.6673494187592428
0.006923012073202644 -0.1961120853923408
0.006726655363649338 -0.1963567095533058
0.006921768072734127 0.195112709084789
0.007577517586394229 0.655749513660102
0.006899748278796302 -0.6777693075979271
0.005970513155508637 -0.9292351232876652
0.006115164755992777 0.1446516004841407
0.00600435728653648 -0.1108074694562968
0.00552243146178808 -0.4819258247484009
0.005928698663046306 0.4062672012582263
0.005194896589032339 -0.7338020740139664
0.005552197573170702 0.3573009841383624
0.005120189045142099 -0.4320085280286028
0.004968708511484256 -0.1514805336578426
0.004615574640174428 -0.3531338713098284
0.004670045594677173 0.05447095450274511
0.004543968625134023 -0.1260769695431499
0.004657894678598689 0.1139260534646653
0.004182914100472718 -0.4749805781259706
0.004075553042181863 -0.107361058290855
0.004270982927624838 0.1954298854429755
0.004014127764751585 -0.2568551628732533
0.004058964447835967 0.04483668308438195
0.003720099184363954 -0.3388652634720131
0.003757538428132964 0.03743924376900997
0.003582874488702985 -0.1746639394299785
0.003741652978289494 0.1587784895865081
0.003493622683178709 -0.248030295110785
0.003823616130600601 0.3299934474218927
0.003576844140825706 -0.2467719897748951
0.003840615723604231 0.263771582778525
0.004030194605310652 0.1895788817064211
0.004126327400240732 0.09613279493007973
0.00397304469037339 -0.1532827098673422
0.004111488341968152 0.1384436515947619
0.004087707176034862 -0.02378116593328931
0.004421452352939993 0.3337451769051302
0.00387084290715079 -0.5506094457892029
0.003997110542114571 0.1262676349637814
0.003975734752997277 -0.02137578911729377
0.003952381563531885 -0.02335318946539242
0.003939591471175098 -0.01279009235678665
0.003763183392900355 -0.1764080782747433
0.00374145362702215 -0.02172976587820532
0.003718611338291532 -0.02284228873061745
0.004200034545251126 0.4814232069595943
0.004168901951089429 -0.03113259416169696
0.00380427309149941 -0.3646288595900199
0.003633534494902912 -0.1707385965964976
0.003609816426978558 -0.0237180679243539
0.003735043254748893 0.1252268277703353
0.003564968105467877 -0.1700751492810159
0.003682514075719403 0.1175459702515255
0.003995244941772105 0.312730866052702
0.003643967027666059 -0.3512779141060457
0.003480392781131679 -0.1635742465343802
0.003751220058574935 0.2708272774432562
0.003446006834959373 -0.3052132236155622
0.003559010720555054 0.1130038855956814
0.003543703553965643 -0.01530716658941153
0.003386858784982786 -0.1568447689828572
0.003810955465747441 0.4240966807646557
0.003350141934344943 -0.460813531402498
0.003463787766105854 0.1136458317609109
0.003584063215703816 0.1202754495979617
0.003299676066291908 -0.2843871494119078
0.003284630920983792 -0.01504514530811666
0.003401787139854531 0.117156218870739
0.003527395592619172 0.1256084527646415
0.003246963332554401 -0.2804322600647715
0.003645277283156571 0.3983139506021703
0.003221403610142592 -0.4238736730139787
0.003331638121802027 0.1102345116594352
0.003316180680151253 -0.01545744165077452
0.003183448621312746 -0.132732058838507
0.003290193422543462 0.1067448012307161
0.003275102235813787 -0.01509118672967519
0.003398064344690253 0.1229621088764659
0.003386453161532779 -0.01161118315747348
0.003127650101504657 -0.2588030600281219
0.003116454865218204 -0.01119523628645295
0.003105734624955546 -0.01072024026265838
0.003476553731673718 0.3708191067181721
0.003207918255118527 -0.2686354765551913
0.003096311170180516 -0.1116070849380112
0.003113984100646666 0.01767293046615057
0.00365646072424677 0.5424766236001043
0.003171339470837101 -0.4851212534096698
0.003254902383892199 0.08356291305509823
0.003164279429542807 -0.09062295434939231
0.003485072332778978 0.3207929032361715
0.003204003255251708 -0.2810690775272698
0.003352222291968467 0.1482190367167588
0.003235341035213868 -0.1168812567545986
0.003510297324430433 0.274956289216565
0.003391440509604314 -0.1188568148261199
0.003225112685103434 -0.1663278245008794
0.003209714409623851 -0.01539827547958296
0.003631352565371561 0.4216381557477096
0.003359670668250031 -0.27168189712153
0.003562203882018844 0.2025332137688129
0.003574030348600107 0.01182646658126315
0.003552574118490593 -0.02145623010951433
0.003784855464860546 0.2322813463699535
0.003939418130043677 0.1545626651831312
0.003913236467380433 -0.02618166266324471
0.004112109951262756 0.1988734838823235
0.004192071426447615 0.0799614751848584
0.004324953421472384 0.1328819950247697
0.00435535118748762 0.03039776601523533
0.004416525583076051 0.06117439558843158
0.004465473063364537 0.04894748028848577
0.004490502796171369 0.02502973280683191
0.004573819129264227 0.08331633309285792
0.004642373811559124 0.06855468229489697
0.004668282728488835 0.02590891692971168
0.004799395993124731 0.1311132646358952
0.004714198154815006 -0.08519783830972498
0.004811621806972901 0.09742365215789552
0.004431102171704924 -0.3805196352679773
0.004497930029937273 0.0668278582323491
0.00455078967613567 0.05285964619839659
0.004680536024844623 0.1297463487089532
0.004764995867959474 0.08445984311485163
0.004840247742010116 0.07525187405064189
0.004926423484316078 0.08617574230596145
0.005003334144895214 0.07691066057913601
0.005072100869481822 0.06876672458660821
0.005138018709255325 0.06591783977350288
0.005223383258888948 0.08536454963362343
0.00530436917308104 0.08098591419209138
0.005457548480483671 0.1531793074026309
0.005567696767366113 0.1101482868824423
0.005826037582087881 0.2583408147217676
0.0060949886741612 0.2689510920733194
0.006348450072685871 0.2534613985246715
0.006630647482293289 0.282197409607418
0.006863346257564782 0.2326987752714928
0.00705393817985187 0.1905919222870882
0.007188208136992205 0.1342699571403342
0.007259050152711946 0.07084201571974126
0.007393320083369658 0.1342699306577126
0.0076468732586148 0.2535531752451414
0.007649460850306722 0.002587591691922096
0.008060311175365559 0.4108503250588374
0.008687973457185095 0.6276622818195358
0.008727424666988741 0.03945120980364605
0.00858023009725937 -0.1471945697293711
0.008880048674833619 0.2998185775742491
0.009283723764107816 0.4036750892741966
0.009383511435991252 0.09978767188343653
0.009863423739727767 0.4799123037365141
0.01018307018283067 0.3196464431029066
0.0105484566251398 0.3653864423091256
0.01075544443710456 0.2069878119647598
0.01099883899560214 0.2433945584975772
0.01110539047551242 0.1065514799102833
0.01129931713029766 0.1939266547852387
0.01148608259739656 0.1867654670988997
0.01159314723892412 0.1070646415275659
0.0117626789397029 0.1695317007787775
0.0118056479397621 0.04296900005919604
0.01193326380293272 0.1276158631706211
0.01199927319468155 0.06600939174882837
0.0120569010002204 0.05762780553885717
0.01209091976048438 0.03401876026397528
0.01210343575462555 0.01251599414116983
0.01212666394854285 0.02322819391730596
0.01215088625832968 0.02422230978682202
0.01219200660000286 0.04112034167318146
0.01221336924078769 0.02136264078483018
0.01223244914590456 0.01907990511687205
0.0124331339335462 0.2006847876416407
0.01229786535767417 -0.1352685758720315
0.01238373203439218 0.08586667671800843
0.01257224669845066 0.1885146640584826
0.01242677824014443 -0.1454684583062325
0.0127527050981826 0.325926858038169
0.01270102785695828 -0.05167724122432174
0.01258506236684195 -0.1159654901163286
0.01290126754286158 0.3162051760196294
0.01282671989640543 -0.07454764645614849
0.01316076492575782 0.3340450293523884
0.01311584175033252 -0.04492317542529808
0.01291994588065883 -0.195895869673687
0.01341287068237751 0.4929248017186746
0.01319576615723331 -0.217104525144193
0.01349509563577817 0.2993294785448558
0.01356169314788434 0.06659751210617501
0.01353405759619672 -0.02763555168762248
0.01360550487837618 0.07144728217946261
0.01377794752503088 0.1724426466547004
0.01383405129390625 0.05610376887536447
0.01430391726552862 0.4698659716223692
0.01406271230175845 -0.2412049637701627
0.01431226269774025 0.2495503959817954
0.01456588506732533 0.2536223695850798
0.01492116158530614 0.3552765179808109
0.01500102464845787 0.07986306315172637
0.01518202757121783 0.1810029227599652
0.01561764978612843 0.4356222149106015
0.01584371512367138 0.2260653375429425
0.01588193314348401 0.03821801981263376
0.01619449032823689 0.3125571847528811
0.0165651502570071 0.3706599287702054
0.01708416995621169 0.519019699204596
0.01729891123776822 0.2147412815565256
0.01774152631435608 0.4426150765878614
0.01783757324353837 0.09604692918228561
0.01831666094371304 0.4790877001746782
0.01861671993373564 0.3000589900225975
0.01919447556715085 0.5777556334152084
0.01914888727778228 -0.04558828936856649
0.01944070194378136 0.2918146659990767
0.01964816540684892 0.2074634630675649
0.01977272480604837 0.1245593991994406
0.02004913066120024 0.2764058551518768
0.02007232349236189 0.02319283116164819
0.02032775909262244 0.2554356002605513
0.02070947546050609 0.3817163678836478
0.02040736924479365 -0.3021062157124443
0.02035238561944208 -0.0549836253515637
0.02024979694286513 -0.1025886765769549
0.02014646828248304 -0.1033286603820856
0.01986353651610917 -0.2829317663738707
0.01963873510194262 -0.2248014141665484
0.01936793297212588 -0.2708021298167377
0.01903988337051993 -0.3280496016059564
0.01867878486404331 -0.3610985064766182
0.01817916786267609 -0.4996170013672196
0.01788441230065458 -0.2947555620215064
0.01756375242223813 -0.320659878416455
0.01741784476230298 -0.1459076599351454
0.01709544697869585 -0.3223977836071326
0.01688510713254473 -0.2103398461511252
0.01660572614105331 -0.2793809914914194
0.01655188345484015 -0.05384268621315413
0.01605178420856646 -0.5000992462736963
0.01575389601425572 -0.2978881943107303
0.01547808376420193 -0.2758122500537991
0.01515306690693655 -0.3250168572653724
0.01488747390548202 -0.2655930014545358
0.0144413571303049 -0.446116775177122
0.01417912157267505 -0.2622355576298481
0.01401499313527928 -0.1641284373957701
0.01349794144624596 -0.517051689033314
0.01313785712550785 -0.360084320738115
0.01277692045222569 -0.3609366732821549
0.01256326396993813 -0.2136564822875671
0.0120967438629152 -0.4665201070229267
0.01187719210233769 -0.2195517605775073
0.01155498566924912 -0.3222064330885739
0.0112917316533732 -0.2632540158759161
0.01082824680674808 -0.4634848466251243
0.01047770742780096 -0.3505393789471223
0.01022122496783944 -0.2564824599615174
0.009849888752206805 -0.3713362156326331
0.009505984142281418 -0.343904609925387
0.009201082867722509 -0.3049012745589084
0.00884480535822019 -0.3562775095023191
0.008400410762296074 -0.4443945959241163
0.008275800823871674 -0.1246099384244002
0.008016440175535045 -0.2593606483366293
0.007701993388897493 -0.3144467866375514
0.007484779966067232 -0.2172134228302612
0.007252147316017836 -0.2326326500493954
0.007104001414790661 -0.1481459012271759
0.006918526831505084 -0.1854745832855767
0.006767429276491247 -0.1510975550138372
0.006627884734557274 -0.1395445419339726
0.006627521122669028 -0.0003636118882464207
0.006922154932827474 0.2946338101584463
0.007452501045576365 0.5303461127488911
0.008158820156961542 0.7063191113851767
0.00900292180846993 0.8441016515083888
0.009598263449093366 0.5953416406234354
0.01002688334559727 0.4286198965039074
0.01009581660056388 0.06893325496660184
0.01010834926535118 0.01253266478730246
0.01005217926245083 -0.05617000290034264
0.01003954953828794 -0.0126297241628999
0.009956842233428362 -0.08270730485957292
0.009820345492042465 -0.136496741385897
0.009717788175310127 -0.1025573167323379
0.009625359039799893 -0.09242913551023475
0.009516594165240618 -0.1087648745592747
0.009361058409894023 -0.1555357553465943
0.009187312012688189 -0.1737463972058348
0.009026861894240051 -0.1604501184481379
0.008842253853867577 -0.1846080403724737
0.008650174749648073 -0.1920791042195041
0.008441963764752118 -0.208210984895955
0.008256678188984862 -0.1852855757672554
0.008061187060052608 -0.1954911289322545
0.007863874444642495 -0.1973126154101133
0.007657479588219772 -0.206394856422723
0.007448110587191381 -0.2093690010283901
0.007269057121949626 -0.1790534652417559
0.007520617725802925 -0.1926263548230117
0.007439660023003881 -0.08095770279904421
0.007373500981928748 -0.06615904107513254
0.007564873027765873 -0.2246607899518312
0.007324056690678175 -0.2408163370876976
0.007256615454553971 -0.06744123612420407
