0.03125913806796597 31.25913806796597
0.1023841631234724 67.65178749239907
0.005417957702312634 -96.96620542115973
0.05266408390433346 47.24612620202083
0.1091927332378191 56.52864933348562
0.122651133515987 13.45840027816791
0.1533925630231284 30.74142950714143
0.1882516429551681 34.85907993203968
0.2047722290644436 16.52058610927545
0.2348863108125472 30.11408174810362
0.2523600728451857 17.47376203263856
0.2830046938453671 30.64462100018134
0.3558822916691569 72.87759782378977
0.466392628990196 110.5103373210391
0.5472047342373172 80.81210524712118
0.6248683751363975 77.66364089908029
0.6168015882436979 -8.066786892699573
0.6289147448148315 12.11315657113354
0.5677762448936973 -61.13849992113418
0.6053027708905617 37.52652599686446
0.5431216856876206 -62.18108520294108
0.4843967916017398 -58.72489408588088
0.3988087253897472 -85.58806621199261
0.3436039960415513 -55.20472934819587
0.2557043118345446 -87.89968420700667
0.2444546299912219 -11.24968184332276
0.21110921299931 -33.34541699191182
0.1943427515587009 -16.76646144060914
0.1818501310534073 -12.49262050529362
0.1823714203861982 0.5212893327909141
0.1899703709142494 7.598950528051235
0.2141545785045204 24.18420759027093
0.2387556117354643 24.60103323094392
0.2634050510441814 24.64943930871716
0.2933545085128422 29.94945746866073
0.3295993770561744 36.2448685433322
0.3503620875688152 20.76271051264078
0.3874829310099952 37.12084344118005
0.4223909670253284 34.90803601533321
0.4484203403247556 26.02937329942723
0.4629408793571739 14.52053903241829
0.4681727709150264 5.231891557852475
0.4797790233219407 11.60625240691432
0.4794049647362369 -0.3740585857037737
0.4690531050591715 -10.35185967706542
0.45599540950101 -13.0576955581615
0.4385076819779783 -17.48772752303168
0.41760435509418 -20.90332688379831
0.381972194519764 -35.63216057441604
0.3448932587822672 -37.07893573749676
0.3211619562880935 -23.73130249417377
0.2903786928778535 -30.78326341023996
0.247029767643283 -43.34892523457051
0.2238712622613813 -23.15850538190164
0.1909197627327207 -32.95149952866064
0.1769564396566095 -13.9633230761112
0.1579941151507339 -18.96232450587565
0.1377632757710457 -20.2308393796882
0.1077711372349235 -29.99213853612218
0.1038197692079319 -3.9513680269916
0.08178417217579166 -22.03559703214022
0.07174187240140548 -10.04229977438619
0.0550105209114147 -16.73135148999078
0.03816768409857185 -16.84283681284285
0.02544941754154797 -12.71826655702388
0.01066142619523599 -14.78799134631198
-0.003024607216775233 -13.68603341201122
-0.0136445977315019 -10.61999051472667
-0.02607332980557159 -12.42873207406968
-0.03601985242698612 -9.94652262141453
-0.04475697070725391 -8.73711828026779
-0.05546254497707177 -10.70557426981786
-0.06032970879835992 -4.867163821288156
-0.06728504786145842 -6.955339063098497
-0.06722804032615397 0.05700753530445135
-0.07759103584947349 -10.36299552331953
-0.08078266306170319 -3.191627212229695
-0.08285674765650392 -2.074084594800726
-0.08049060488244059 2.366142774063329
-0.0840184753678377 -3.527870485397114
-0.07835009147968885 5.668383888148845
-0.082181539719152 -3.831448239463145
-0.07848966208649905 3.691877632652954
-0.07195002512151935 6.539636964979695
-0.07385877604899885 -1.908750927479497
-0.07275644178476187 1.102334264236976
-0.06852605183679338 4.230389947968496
-0.06642455752805541 2.101494308737961
-0.06101260092747875 5.411956600576667
-0.05970545475048313 1.307146176995615
-0.05485614414290051 4.849310607582619
-0.04698963197048584 7.866512172414672
-0.04976527014700821 -2.77563817652237
-0.0476968652900589 2.068404856949313
-0.04468787026439981 3.008995025659093
-0.03968520100986124 5.002669254538565
-0.03849039928662588 1.194801723235363
-0.03698189415294344 1.508505133682433
-0.03447554106753859 2.506353085404853
-0.03024566186828357 4.229879199255021
-0.02931988520101596 0.9257766672676123
-0.02702867363063071 2.291211570385247
-0.0243041265699491 2.724547060681606
-0.02404510741268131 0.2590191572677952
-0.02199536472692447 2.04974268575684
-0.02019294365971921 1.802421067205257
-0.01820877869133539 1.984164968383818
-0.01627793741001411 1.930841281321288
-0.01350848389985079 2.76945351016332
-0.01219057127957942 1.317912620271368
-0.01074324287621684 1.447328403362579
-0.00956184864833556 1.181394227881279
-0.008196923102048287 1.364925546287274
-0.006965305875913617 1.23161722613467
-0.005439402935734227 1.52590294017939
-0.004082952681315683 1.356450254418543
-0.002851825506407267 1.231127174908416
-0.002046960295368639 0.8048652110386276
-0.001552302548002225 0.4946577473664143
-0.001122210395147265 0.4300921528549598
-0.0007724243198773859 0.3497860752698792
-0.0008867122111731118 -0.1142878912957258
-0.0006058191387179406 0.2808930724551711
-0.0008429199858145845 -0.2371008470966439
-0.0008553519701552247 -0.01243198434064017
-0.001858478080963512 -1.003126110808287
-0.00268743766718152 -0.8289595862180084
-0.003427972025904291 -0.7405343587227713
-0.004756069891210562 -1.32809786530627
-0.005745225289914577 -0.9891553987040154
-0.007099506390539263 -1.354281100624685
-0.00886043709429301 -1.760930703753747
-0.0103631964308289 -1.502759336535887
-0.01125380015173381 -0.8906037209049141
-0.01410652606168217 -2.852725909948358
-0.01611703746945773 -2.010511407775557
-0.01745962369110231 -1.342586221644584
-0.02002532744342947 -2.565703752327154
-0.02206463436567202 -2.039306922242554
-0.02045177521639339 1.612859149278632
-0.02527836256697109 -4.826587350577703
-0.02408540621395343 1.192956353017662
-0.02628692811207415 -2.201521898120718
-0.02536196369104646 0.9249644210276887
-0.02368284023911374 1.679123451932721
-0.02064713928363049 3.03570095548325
-0.01919220087593597 1.45493840769452
-0.01756675471862561 1.625446157310355
-0.01618200042489942 1.384754293726188
-0.01421744787532584 1.964552549573582
-0.01372777643509115 0.4896714402346861
-0.01167576012746079 2.052016307630363
-0.01224957684005455 -0.5738167125937595
-0.01193028081943412 0.3192960206204326
-0.01167989358190408 0.2503872375300368
-0.01213397186098941 -0.4540782790853262
-0.01228780080694732 -0.1538289459579074
-0.0118213939352533 0.4664068716940164
-0.01364509285614319 -1.823698920889892
-0.014642401555898 -0.9973086997548067
-0.01585595208435652 -1.213550528458522
-0.01597604691428212 -0.1200948299255981
-0.0188191939153905 -2.843147001108385
-0.02035762810605865 -1.538434190668143
-0.02216338849378501 -1.805760387726365
-0.02399204680498027 -1.828658311195254
-0.02424773139311145 -0.2556845881311817
-0.02900162412518754 -4.753892732076097
-0.03185911932649405 -2.857495201306508
-0.03350236946116377 -1.643250134669719
-0.03800538017971988 -4.503010718556112
-0.04015764050740853 -2.15226032768865
-0.04509113829554727 -4.933497788138737
-0.04575981936225839 -0.66868106671112
-0.04876130921266989 -3.001489850411501
-0.05466599220090156 -5.904682988231671
-0.05613949116544706 -1.473498964545496
-0.0636494299209355 -7.509938755488443
-0.06801400558296994 -4.364575662034436
-0.07240381778402517 -4.389812201055235
-0.07678489148204701 -4.381073698021834
-0.07957739935701066 -2.792507874963657
-0.07002616479201623 9.551234564994433
-0.08558438234344588 -15.55821755142965
-0.09180029923356986 -6.215916890123976
-0.09292473892174752 -1.124439688177659
-0.09941306001008647 -6.488321088338952
-0.1008977241597198 -1.484664149633358
-0.1063815749327634 -5.483850773043599
-0.1081077152883575 -1.726140355594027
-0.09932942555168506 8.778289736672399
-0.07266954404739666 26.6598815042884
-0.06883919279771061 3.830351249686045
-0.05369193995114981 15.1472528465608
-0.04682213537037294 6.869804580776871
-0.03960311404475839 7.219021325614555
-0.03531140611120495 4.291707933553434
-0.03313615066347187 2.175255447733081
-0.0316763736581783 1.459777005293573
-0.03028478499715745 1.391588661020852
-0.03138733315450195 -1.102548157344504
-0.03429722955383391 -2.909896399331966
-0.03488513330267003 -0.5879037488361119
-0.03605491960321834 -1.169786300548314
-0.03915007621048591 -3.095156607267571
-0.03940743817482277 -0.257361964336858
-0.04354856692543548 -4.141128750612705
-0.04305623643245669 0.4923304929787889
-0.04636013491952912 -3.303898487072437
-0.04814228876605267 -1.782153846523547
-0.05205795213588377 -3.915663369831103
-0.0531512924678966 -1.093340332012825
-0.05486605076245947 -1.714758294562871
-0.05441986482900189 0.4461859334575768
-0.05957197961054406 -5.152114781542164
-0.06129824368534025 -1.726264074796188
-0.05933859390834052 1.959649776999729
-0.06254405785766698 -3.205463949326463
-0.06221050097187977 0.3335568857872132
-0.06742995360136271 -5.219452629482944
-0.06738421074869322 0.04574285266949196
-0.07074074035619643 -3.356529607503211
-0.06828570192576273 2.455038430433695
-0.07372951411279542 -5.443812187032687
-0.06872708019285026 5.002433919945163
-0.07604095055493983 -7.313870362089567
-0.07485970039348559 1.181250161454234
-0.07578206654351949 -0.9223661500338959
-0.07605609826110006 -0.2740317175805723
-0.07867615558915234 -2.620057328052275
-0.07698742053496915 1.688735054183182
-0.07689918126428467 0.08823927068447868
-0.07251366286425116 4.385518400033511
-0.07910995901900214 -6.596296154750977
-0.07704540042305098 2.064558595951158
-0.07710757856761488 -0.06217814456389859
-0.07708776078917379 0.01981777844109467
-0.07693100827709248 0.156752512081304
-0.07898890533810031 -2.057897061007827
-0.07884245288611044 0.1464524519898674
-0.07859488172658201 0.2475711595284341
-0.07158103457735021 7.013847149231797
-0.07123530922818885 0.3457253491613577
-0.07512195096939203 -3.886641741203178
-0.07626527342382927 -1.14332245443724
-0.07518655236889357 1.0787210549357
-0.07225554335939602 2.931009009497554
-0.07281853472613942 -0.5629913667433983
-0.06949200366298813 3.326531063151283
-0.06437040487604453 5.121598786943599
-0.06754563943024154 -3.175234554197007
-0.06792196675820893 -0.3763273279673851
-0.06332527365411578 4.596693104093149
-0.0656846589510949 -2.359385296979127
-0.06268042509241253 3.00423385868237
-0.06198919470120106 0.6912303912114739
-0.06236659415555623 -0.377399454355172
-0.05611940365632972 6.247190499226507
-0.06018478341991172 -4.065379763581997
-0.05764560814593991 2.539175273971808
-0.05452135048219893 3.124257663740984
-0.05668142951931263 -2.160079037113696
-0.05543475187981201 1.246677639500621
-0.05294912146260953 2.485630417202477
-0.05044164682740145 2.507474635208083
-0.05220974409703417 -1.768097269632729
-0.04679303704586817 5.416707051166009
-0.05051642581736024 -3.723388771492073
-0.04857746626145457 1.938959555905673
-0.04780835536979594 0.7691108916586253
-0.04840157243640276 -0.5932170666068173
-0.04652791231853608 1.873660117866674
-0.04583666755343655 0.6912447650995329
-0.04431387903722731 1.522788516209246
-0.04366376513976809 0.6501138974592119
-0.04554309947417319 -1.879334334405097
-0.04494909896565091 0.5940005085222771
-0.04437379993898794 0.5752990266629717
-0.03959631924407717 4.777480694910775
-0.03916703696908798 0.4292822749891873
-0.0364413536575292 2.725683311558778
-0.03173107675658724 4.71027690094196
-0.0256605478825481 6.070528874039138
-0.0213477325162328 4.312815366315299
-0.01041033276561898 10.93739975061382
-0.0002441439394768931 10.16618882614209
0.009414836071538627 9.658980011015519
0.02115289394681927 11.73805787528064
0.03099560987770691 9.842715930887643
0.04267042212849344 11.67481225078653
0.05411705906518499 11.44663693669155
0.05359909783345261 -0.5179612317323806
0.0681394710338537 14.54037320040109
0.07458452320987007 6.445052176016361
0.06970388587008516 -4.880637339784902
0.06441133102210359 -5.292554847981578
0.05322107155523416 -11.19025946686943
0.05860091602337668 5.37984446814252
0.03987994543384674 -18.72097058952993
0.01334257345241747 -26.53737198142927
0.008033095328882717 -5.309478123534758
0.004112208702205591 -3.920886626677126
0.005128564176373305 1.016355474167715
0.005656815253062528 0.5282510766892231
0.002978944144413488 -2.67787110864904
0.006785062906791956 3.806118762378468
0.006442706873052635 -0.3423560337393215
0.007203100530582763 0.7603936575301282
5.473495019808299e-06 -7.197627035562955
1.275677757248785e-27 -0.005473495019808299
5.879694083180581e-49 -1.275677757248785e-24
2.653207424269566e-70 -5.879694083180581e-46
8.762937933872779e-92 -2.653207424269566e-67
1.301211240580166e-102 -8.762937933742658e-89
3.72633305927518e-124 -1.301211240580166e-99
1.097481057179596e-145 -3.72633305927518e-121
2.687480643663478e-164 -1.097481057179595e-142
8.83192730505412e-177 -2.687480643662595e-161
2.722658364643619e-186 -8.831927302331462e-174
1.052177204578054e-194 -2.722658354121847e-183
2.198844776266263e-198 -1.051957320100428e-191
4.177820622765811e-204 -2.198840598445641e-195
1.794589800466239e-208 -4.177641163785764e-201
8.296990698302424e-212 -1.793760101396409e-205
2.901870794961569e-214 -8.267971990352808e-209
2.648883887999263e-216 -2.875381956081576e-211
8.328835132272455e-218 -2.565595536676538e-213
2.311132300986435e-218 -6.01770283128602e-215
2.508044769582983e-219 -2.060327824028137e-215
3.353375233316878e-220 -2.172707246251295e-216
8.26316777780955e-221 -2.527058455535923e-217
2.773322871474697e-221 -5.489844906334853e-218
1.276289728535639e-221 -1.497033142939058e-218
6.305339597171788e-222 -6.457557688184601e-219
2.51113165000065e-222 -3.794207947171138e-219
2.585940307035321e-222 7.480865703467058e-221
1.613805637477151e-222 -9.721346695581698e-220
1.033951217234843e-222 -5.798544202423077e-220
6.303133721186026e-223 -4.036378451162405e-220
4.195280027159994e-223 -2.107853694026032e-220
3.017450730216963e-223 -1.177829296943031e-220
1.323563789585738e-223 -1.693886940631225e-220
1.591550670337749e-223 2.679868807520106e-221
1.198282325124652e-223 -3.93268345213097e-221
7.410206507651894e-224 -4.572616743594622e-221
4.43912963733726e-224 -2.971076870314634e-221
3.163050173130398e-224 -1.276079464206862e-221
1.835440892698912e-224 -1.327609280431485e-221
6.645012271303903e-225 -1.170939665568522e-221
9.547549490311449e-225 2.902537219007546e-222
5.075585667183526e-225 -4.471963823127923e-222
3.674974881566765e-225 -1.400610785616761e-222
1.655824679818271e-225 -2.019150201748494e-222
6.612020930089135e-226 -9.94622586809357e-223
-1.605249537074701e-227 -6.772545883796605e-223
-2.415425001517261e-226 -2.254900047809791e-223
-5.790622607123802e-226 -3.375197605606541e-223
-3.777443543662492e-226 2.01317906346131e-223
-4.25119028465185e-226 -4.737467409893583e-224
-3.966339632602652e-226 2.848506520491988e-224
-3.82227331457039e-226 1.440663180322617e-224
-3.295355909052909e-226 5.269174055174813e-224
-2.820578607932471e-226 4.747773011204376e-224
-2.12747160071219e-226 6.93107007220281e-224
-1.977584778463617e-226 1.498868222485731e-224
-1.609224391731041e-226 3.683603867325765e-224
-1.275553237014688e-226 3.336711547163523e-224
-1.043305037960054e-226 2.322481990546338e-224
-8.312193586591253e-227 2.120856793009291e-224
-7.358470528166599e-227 9.537230584246544e-225
-4.331533451007115e-227 3.026937077159484e-224
-4.196855599729817e-227 1.346778512772974e-225
-3.258853084687087e-227 9.380025150427307e-225
-2.669894470542044e-227 5.889586141450423e-225
-2.096766522565452e-227 5.731279479765925e-225
-1.631197746984261e-227 4.655687755811909e-225
-1.235144679770512e-227 3.960530672137489e-225
-9.580941105287234e-228 2.770505692417887e-225
-6.759935650252862e-228 2.821005455034372e-225
-6.483259441402679e-228 2.766762088501828e-226
-4.941524590054513e-228 1.541734851348167e-225
-3.832276778802433e-228 1.10924781125208e-225
-3.213893396749308e-228 6.183833820531242e-226
-2.341018188677218e-228 8.728752080720908e-226
-1.755010024071479e-228 5.860081646057385e-226
-1.062032642032115e-228 6.929773820393639e-226
-1.182914233439192e-228 -1.208815914070772e-226
-6.928951539387e-229 4.900190795004924e-226
-4.78389715001847e-229 2.145054389368529e-226
-2.78719964640194e-229 1.99669750361653e-226
-1.781598709563885e-229 1.005600936838055e-226
-1.355501588992323e-229 4.260971205715623e-227
-4.524466378294823e-230 9.030549511628407e-227
2.506521834045787e-230 7.03098821234061e-227
-3.122671717651972e-230 -5.62919355169776e-227
-2.480147190482845e-230 6.425245271691269e-228
-1.582508713731527e-230 8.976384767513183e-228
-9.979776267273033e-231 5.845310870042237e-228
-3.163771866795938e-231 6.816004400477096e-228
6.639220286100469e-231 9.802992152896407e-228
1.577302997360421e-230 9.133809687503737e-228
2.325367111350778e-230 7.480641139903576e-228
2.202247948346084e-230 -1.231191630046947e-228
2.899814261248686e-230 6.975663129026025e-228
2.334077254109013e-230 -5.657370071396736e-228
3.750512227640711e-230 1.416434973531698e-227
5.015704144344747e-230 1.265191916704037e-227
6.709617853744403e-230 1.693913709399656e-227
9.955586168137283e-230 3.245968314392879e-227
1.386994413759243e-229 3.914357969455146e-227
1.784524962149408e-229 3.975305483901648e-227
2.162012769024877e-229 3.774878068754696e-227
2.979438611760848e-229 8.174258427359705e-227
3.366854427369256e-229 3.874158156084085e-227
4.436073716707511e-229 1.069219289338254e-226
5.500626420169851e-229 1.06455270346234e-226
6.056005711398351e-229 5.553792912285003e-227
7.188956470422125e-229 1.132950759023774e-226
8.45310943442361e-229 1.264152964001485e-226
9.255415636631841e-229 8.023062022082308e-227
1.111563698616749e-228 1.860221349535645e-226
1.195523243938016e-228 8.395954532126754e-227
1.416914241101867e-228 2.213909971638513e-226
1.541337934981376e-228 1.244236938795081e-226
1.69036150720639e-228 1.49023572225014e-226
1.785820145275228e-228 9.545863806883834e-227
1.82606292594937e-228 4.024278067414217e-227
1.85430468721865e-228 2.824176126927934e-227
1.776489719705668e-228 -7.781496751298136e-227
1.76933594048157e-228 -7.153779224097762e-228
1.674421480805937e-228 -9.491445967563292e-227
1.566089648006972e-228 -1.083318327989653e-226
1.554769552392531e-228 -1.13200956144409e-227
1.458662583676705e-228 -9.610696871582607e-227
1.44144287206572e-228 -1.721971161098549e-227
1.441076056933429e-228 -3.668151322906069e-229
1.452646414060611e-228 1.157035712718188e-227
1.493600501654689e-228 4.095408759407776e-227
1.579901123786672e-228 8.630062213198373e-227
1.615985681732603e-228 3.608455794593031e-227
1.864930520508836e-228 2.489448387762328e-226
1.909503032253726e-228 4.457251174489021e-227
2.090373223920118e-228 1.808701916663918e-226
2.302601200665537e-228 2.122279767454198e-226
2.488746664959881e-228 1.861454642943436e-226
2.805593412084484e-228 3.168467471246031e-226
3.06519830425661e-228 2.596048921721264e-226
3.235550186397537e-228 1.703518821409264e-226
3.868262466108067e-228 6.327122797105305e-226
4.170261810239558e-228 3.019993441314909e-226
4.731619906946919e-228 5.613580967073611e-226
5.166961326468057e-228 4.353414195211374e-226
5.792303196298697e-228 6.253418698306398e-226
6.489273124756929e-228 6.969699284582325e-226
7.21292014248415e-228 7.236470177272205e-226
7.985893660109299e-228 7.729735176251493e-226
9.612553910439862e-228 1.626660250330563e-225
1.007783285545325e-227 4.652789450133856e-226
1.109284880313449e-227 1.01501594768124e-225
1.246362997929312e-227 1.370781176158627e-225
1.348852875304823e-227 1.024898773755119e-225
1.509888809219715e-227 1.61035933914892e-225
1.594646092556179e-227 8.475728333646338e-226
1.753834748272187e-227 1.591886557160086e-225
1.856232145440466e-227 1.023973971682784e-225
1.962389868832406e-227 1.0615772339194e-225
1.972247186163905e-227 9.857317331499066e-227
1.764085145645103e-227 -2.081620405188014e-225
1.466532303514649e-227 -2.975528421304539e-225
1.070776921393097e-227 -3.957553821215522e-225
5.433158449817447e-228 -5.274610764113525e-225
2.61806466529455e-228 -2.815093784522898e-225
2.205337937385697e-229 -2.39753087155598e-225
-1.387468585933918e-229 -3.592806523319615e-226
2.156111187439773e-229 3.54357977337369e-226
1.909727767988476e-228 1.694116649244499e-225
3.046404256687507e-228 1.136676488699031e-225
4.368443466023391e-228 1.322039209335884e-225
4.001692097823314e-228 -3.66751368200077e-226
2.17654541324138e-228 -1.825146684581934e-225
1.942261185671393e-229 -1.982319294674241e-225
3.319542790353168e-229 1.377281604681774e-226
3.689048059801339e-228 3.357093780766022e-225
5.342092375785395e-228 1.653044315984057e-225
3.643842962612266e-228 -1.698249413173129e-225
5.531165771155681e-229 -3.090726385496698e-225
2.214324130521311e-228 1.661207553405743e-225
5.787248913773082e-228 3.572924783251771e-225
2.3603324219256e-228 -3.426916491847483e-225
8.903106717199432e-229 -1.470021750205656e-225
5.642431277667753e-228 4.75212060594781e-225
2.080877665023884e-229 -5.434343511165365e-225
4.688758530532039e-228 4.48067076402965e-225
9.829014742583068e-229 -3.705857056273732e-225
2.455327990943623e-228 1.010139560857395e-225
2.537991815775277e-228 8.266382483165466e-227
2.828024281141912e-229 -2.255189387661086e-225
5.13727509202154e-228 5.645613835954535e-225
-3.475106829276272e-230 -5.172026160314303e-225
3.295576288254228e-228 3.33032735654699e-225
