0.01569738443946098 15.69738443946098
0.01463142051972903 -1.065963919731943
0.01500794628826881 0.376525768539776
0.01551673811677923 0.5087918285104215
0.01613350636600283 0.6167682492236037
0.01681510204614547 0.6815956801426403
0.01761823201417259 0.803129968027113
0.01845891276289609 0.8406807487235067
0.01962175911222117 1.162846349325071
0.02030825045566526 0.6864913434440935
0.02134203811465245 1.033787658987189
0.0226618245385172 1.319786423864756
0.02363069947665971 0.9688749381425061
0.02457934012233192 0.9486406456722142
0.02594054660282752 1.361206480495595
0.02763117861754513 1.69063201471761
0.02993663281033241 2.305454192787284
0.03282244864243736 2.885815832104944
0.03607932255548576 3.256873913048401
0.04111503804741466 5.035715491928904
0.04656141379421504 5.446375746800375
0.05256942543307493 6.008011638859896
0.05960418927644626 7.034763843371324
0.06669210506178012 7.087915785333867
0.07130942889994152 4.617323838161394
0.07919371589533017 7.884286995388651
0.08581367659942561 6.619960704095442
0.08972264727272942 3.908970673303813
0.09582021010156017 6.097562828830741
0.09973935337159814 3.919143270037978
0.1027506572284756 3.011303856877423
0.1058552635131479 3.104606284672379
0.1075473520175363 1.6920885043884
0.1078824742051922 0.3351221876558563
0.108743423666562 0.8609494613698032
0.1085481067304325 -0.1953169361294665
0.1056913425502548 -2.856764180177718
0.1071727324889066 1.481389938651823
0.106188440646714 -0.9842918421926333
0.1052094944891475 -0.9789461575665237
0.1046528999714405 -0.556594517706982
0.1031982226559941 -1.454677315446434
0.1026142019880636 -0.5840206679305071
0.102192970946583 -0.4212310414806048
0.1027946693273874 0.6016983808044274
0.102643806873137 -0.150862454250375
0.1034092820869963 0.765475213859293
0.1047908045053618 1.381522418365491
0.1056539010620632 0.8630965567014426
0.1067404994271379 1.086598365074631
0.1081380952276943 1.3975958005564
0.1092835634052379 1.145468177543588
0.1100989314991489 0.8153680939110147
0.1113824590622789 1.28352756312998
0.1118250351109429 0.4425760486640867
0.1123525600995539 0.5275249886109723
0.1124953629171161 0.1428028175622098
0.1121109165988732 -0.3844463182429148
0.111871200195093 -0.2397164037801769
0.1103960299463291 -1.47517024876391
0.1088308691888016 -1.565160757527481
0.1072200562180273 -1.610812970774297
0.1050433412052053 -2.176715012822017
0.103210738648743 -1.832602556462309
0.1010033094587801 -2.207429189962959
0.09737952628546423 -3.623783173315825
0.09691529645486552 -0.4642298305987114
0.09126275907612603 -5.652537378739483
0.08771412842041762 -3.548630655708415
0.08439597775475986 -3.318150665657757
0.08081503704808314 -3.580940706676722
0.07703237801827123 -3.78265902981191
0.07642055244778601 -0.6118255704852249
0.07099270248994996 -5.427849957836045
0.0699523530152345 -1.040349474715457
0.06266460180333509 -7.287751211899409
0.05853940778636938 -4.125194016965712
0.05434693399649528 -4.192473789874105
0.05221990767783088 -2.127026318664391
0.04631592716144799 -5.903980516382898
0.04427644333794514 -2.039483823502844
0.03871231578507911 -5.564127552866033
0.03639479957157103 -2.317516213508078
0.03580033568646362 -0.5944638851074143
0.02945360256740352 -6.346733119060099
0.02526603426446799 -4.18756830293553
0.02376024658843776 -1.505787676030226
0.02037173283697045 -3.388513751467311
0.02045087552224308 0.0791426852726311
0.01654592464161537 -3.90495088062771
0.01488861465715561 -1.657309984459765
0.0184576278272059 3.569013170050294
0.01352141764785432 -4.936210179351583
0.01145751925247133 -2.063898395382986
0.01046867494264969 -0.988844309821638
0.01111131261498777 0.6426376723380721
0.0094452606495329 -1.666051965454865
0.008672473740533459 -0.7727869089994409
0.007387442778954738 -1.285030961578721
0.007771988328691553 0.3845455497368151
0.006635840654833758 -1.136147673857795
0.006282810576591017 -0.3530300782427411
0.005747977495468476 -0.5348330811225411
0.005280080808972642 -0.4678966864958339
0.004903660649697735 -0.3764201592749072
0.004591883215818933 -0.3117774338788019
0.004145717750503538 -0.4461654653153948
0.004035192083920705 -0.1105256665828325
0.004245179081970286 0.2099869980495802
0.004132810607139537 -0.1123684748307483
0.004165433635993372 0.03262302885383497
0.004294440504510316 0.1290068685169433
0.004447207608942766 0.1527671044324504
0.004791318915568703 0.3441113066259375
0.004838431496515415 0.04711258094671194
0.005076747646009019 0.2383161494936038
0.005330623062624313 0.2538754166152941
0.005616954343880163 0.2863312812558501
0.005822552281950989 0.2055979380708251
0.006226693175324169 0.4041408933731809
0.006446057771561034 0.2193645962368642
0.00672614766615888 0.2800898945978462
0.007073021251938386 0.3468735857795058
0.007375438465536014 0.3024172135976284
0.007459948354731179 0.08450988919516451
0.007911337120833582 0.4513887661024034
0.008176014777655926 0.2646776568223444
0.008177940804729025 0.001926027073098288
0.008629029185902647 0.4510883811736227
0.008671867980200736 0.04283879429808901
0.008944083264665573 0.2722152844648363
0.009115760342909068 0.1716770782434953
0.009167982953005933 0.05222261009686473
0.009068737987996553 -0.09924496500937977
0.00939976438657064 0.3310263985740868
0.009438159973896033 0.03839558732539328
0.009344213846621624 -0.09394612727440903
0.009364592608050086 0.02037876142846166
0.009285053569200341 -0.0795390388497446
0.009027441248316646 -0.2576123208836954
0.00918118384178144 0.1537425934647948
0.008938140072574867 -0.2430437692065735
0.008870972167733544 -0.06716790484132332
0.0086550918781657 -0.2158802895678436
0.008410482257711231 -0.2446096204544689
0.007920523677415168 -0.4899585802960633
0.007859131278162804 -0.0613923992523642
0.007606330148033452 -0.2528011301293513
0.007358582613378262 -0.2477475346551903
0.007077385041058554 -0.2811975723197085
0.006936027949844633 -0.14135709121392
0.006684304693875433 -0.2517232559692004
0.006608316401639689 -0.0759882922357442
0.006412719824931527 -0.1955965767081623
0.006390316830721086 -0.0224029942104409
0.00639289724595544 0.002580415234354136
0.006376402496344704 -0.01649474961073604
0.006235182963606425 -0.1412195327382786
0.006467922896493745 0.2327399328873195
0.006513999758304965 0.04607686181122041
0.006562399908441657 0.0484001501366918
0.006449043826170955 -0.1133560822707017
0.006636104391527118 0.1870605653561631
0.006625377561183903 -0.01072683034321516
0.006644273227800308 0.01889566661640498
0.006629378952222596 -0.01489427557771223
0.006507874583279126 -0.1215043689434701
0.006581103679218617 0.0732290959394909
0.006443993270296233 -0.137110408922384
0.006241657162223205 -0.202336108073028
0.006267150237654132 0.02549307543092683
0.006102872533823331 -0.1642777038308009
0.005922923651133673 -0.1799488826896576
0.005664157437976793 -0.2587662131568799
0.005423769859143637 -0.2403875788331566
0.005163789571745982 -0.2599802873976542
0.004834682370274533 -0.3291072014714492
0.004496524724508382 -0.338157645766151
0.004255985603968022 -0.2405391205403604
0.003877107316697319 -0.3788782872707029
0.003502963020615358 -0.3741442960819613
0.003099183432312196 -0.4037795883031617
0.002894810731187015 -0.2043727011251809
0.00260453569987261 -0.2902750313144046
0.002394947759561037 -0.2095879403115736
0.002177821766003691 -0.2171259935573456
0.002042831001119768 -0.1349907648839233
0.001880374551065069 -0.1624564500546991
0.001786973123831925 -0.09340142723314394
0.001691921657936469 -0.09505146589545575
0.001613808430868196 -0.07811322706827313
0.001586065666071171 -0.02774276479702463
0.001532134906655244 -0.05393075941592662
0.001493287876165417 -0.03884703048982752
0.001479093918683567 -0.01419395748185012
0.001450909707245986 -0.02818421143758066
0.001424761957105016 -0.02614775014097041
0.001401138971395109 -0.02362298570990676
0.001379344802707739 -0.02179416868737017
0.001365842718665092 -0.01350208404264728
0.001346954079958474 -0.01888863870661722
0.001332664219411329 -0.01428986054714549
0.001319341576892368 -0.01332264251896042
0.001308191461299878 -0.01115011559249079
0.001299825767581706 -0.008365693718171427
0.00129741405375656 -0.002411713825146468
0.001293721559779598 -0.003692493976961567
0.001297727133790109 0.004005574010511066
0.001286545191849229 -0.01118194194088063
0.001268819717603456 -0.01772547424577233
0.001262557199706071 -0.006262517897385718
0.001244027039776708 -0.01853015992936305
0.001232357261752515 -0.01166977802419299
0.001222246265274381 -0.01011099647813354
0.001207596228284728 -0.01465003698965348
0.001195673482865341 -0.01192274541938695
0.001193262990458973 -0.002410492406367632
0.001178049348426853 -0.01521364203211999
0.001173145087060625 -0.004904261366228376
0.001160018414330885 -0.01312667272973956
0.001167607037326125 0.007588622995240244
0.001169432402137701 0.001825364811575267
0.001178686300689545 0.009253898551844124
0.001179798715660833 0.001112414971288396
0.001229155956230223 0.04935724056939002
0.001189748506867824 -0.03940744936239905
0.001220454858453263 0.03070635158543885
0.001210377200534914 -0.01007765791834919
0.001163259802735101 -0.04711739779981278
0.001140866844204835 -0.02239295853026556
0.001126007044256159 -0.01485979994867619
0.001103588418598324 -0.02241862565783496
0.001100049177728451 -0.003539240869872978
0.001058743991712078 -0.04130518601637326
0.001057735431840647 -0.001008559871430942
0.00103148799698157 -0.02624743485907656
0.001014072314171525 -0.01741568281004549
0.001000954725046926 -0.0131175891245987
0.0009825676782459819 -0.01838704680094433
0.0009696556380660303 -0.01291204017995161
0.0009616788245771142 -0.007976813488916127
0.0009568338164812154 -0.004845008095898801
0.0009497451593783218 -0.007088657102893511
0.0009321476386419777 -0.01759752073634418
0.0009170794246571056 -0.01506821398487206
0.0009064167891136379 -0.01066263554346772
0.0008995345730986942 -0.006882216014943718
0.0008862472424725975 -0.01328733062609666
0.0008778284999016834 -0.008418742570914101
0.0008792908118110311 0.001462311909347668
0.0008654646381212836 -0.01382617368974747
0.0008482951640222896 -0.01716947409899404
0.0008426009354421866 -0.005694228580102969
0.0008299220952558934 -0.01267884018629317
0.0008214694426636089 -0.008452652592284511
0.0008133570592007252 -0.008112383462883739
0.0008006676761377438 -0.01268938306298137
0.0008034241261005204 0.002756449962776591
0.0007864419904984202 -0.01698213560210021
0.0007763172110927976 -0.01012477940562253
0.0007694181063712148 -0.006899104721582849
0.0007546662553598316 -0.01475185101138324
0.0007449512189793972 -0.009715036380434347
0.0007359752313914646 -0.008975987587932589
0.0007328024073948427 -0.003172823996621874
0.000717186555066203 -0.01561585232863971
0.0007235156248642548 0.006329069798051792
0.0006994718476039478 -0.02404377726030707
0.0006928646973135259 -0.006607150290421871
0.0006842742759754714 -0.00859042133805445
0.000670870452777971 -0.01340382319750045
0.0006639105271946253 -0.006959925583345712
0.0006528622981842704 -0.01104822901035489
0.0006460510390846746 -0.006811259099595741
0.0006477405807455018 0.001689541660827116
0.00062566148494558 -0.02207909579992175
0.0006159689572387268 -0.009692527706853206
0.0006063110716808826 -0.009657885557844224
0.0006061800322410252 -0.0001310394398574156
0.0005912398639963676 -0.01494016824465753
0.0005795516254498671 -0.01168823854650052
0.0005788525864579984 -0.008665837898993717
0.000584960406818096 0.006107820360097549
0.0005666042202545748 -0.01835618656352111
0.0005646764620380107 -0.00192775821656417
0.0005616267664951375 -0.003049695542873166
0.0005638534299078029 0.002226663412665435
0.0005743235879256839 0.01047015801788095
0.000582214478787075 0.007890890861391147
0.0006149947730342922 0.03278029424721714
0.000638719083671925 0.02372431063763284
0.0007707101285836245 0.1319910449116995
0.0009167627306724919 0.1460526020888674
0.001098459782978192 0.1816970523056999
0.001377596423947283 0.2791366409690913
0.001647105909146713 0.2695094851994295
0.001969502634950549 0.3223967258038363
0.002869285381999386 0.8997827470488373
0.00449867689080665 1.629391508807264
0.007619932901072169 3.121256010265519
0.007578992426135777 -0.04094047493639202
0.006551403594557146 -1.027588831578632
0.007243333994469113 0.6919303999119676
0.007746266723905736 0.5029327294366224
0.008712816943608617 0.9665502197028809
0.009458951047955485 0.7461341043468687
0.009848956415228028 0.3900053672725428
0.01092196323024657 1.073006815018542
0.0109583275857829 0.03636435553632661
0.01124712749154157 0.2887999057586722
0.01109452347660692 -0.1526040149346444
0.01058997220061253 -0.5045512759943929
0.0110326002950836 0.4426280944710668
0.01136098530575126 0.32838501066766
0.01120390057564866 -0.1570847301025982
0.01476674815075289 3.562847575104232
0.01126204308103615 -3.504705069716745
0.00969574372100682 -1.566299360029328
0.008951852093505446 -0.7438916275013737
0.006893174262224749 -2.058677831280697
0.006730912225817932 -0.1622620364068166
0.006766231293861314 0.03531906804338149
0.006606082243972588 -0.160149049888726
0.00661991677319777 0.0138345292251818
0.006679242443377251 0.05932567017948118
0.006521337547898123 -0.1579048954791279
0.00651494414497461 -0.006393402923512634
0.006548274061630691 0.03332991665608038
0.006575570552306863 0.02729649067617201
0.006597415951035278 0.02184539872841524
0.006687076802457202 0.0896608514219235
0.006752215715379761 0.06513891292255977
0.006803683245154185 0.05146752977442347
0.006987281924484896 0.1835986793307116
0.007097150288127338 0.1098683636424416
0.0072401486612998 0.1429983731724618
0.007389801547422041 0.1496528861222417
0.007475219183704425 0.08541763628238351
0.007681208424482797 0.2059892407783722
0.007843284152644873 0.162075728162076
0.007856217162266907 0.01293300962203377
0.008154574976182511 0.2983578139156041
0.008311606734768544 0.1570317585860327
0.008521902029446856 0.2102952946783122
0.008695620759012012 0.1737187295651563
0.008852143778097159 0.1565230190851471
0.00903580836734753 0.1836645892503708
0.009235358092389801 0.1995497250422713
0.009437723572722222 0.2023654803324209
0.009485489439135287 0.04776586641306452
0.00981291133186421 0.3274218927289234
0.01003315582087914 0.2202444890149341
0.01011605878593644 0.08290296505729204
0.01038722100341799 0.271162217481552
0.01056554972251144 0.1783287190934551
0.01072438088965882 0.1588311671473809
0.010924279956371 0.1998990667121756
0.01099797026614884 0.07369030977784179
0.01129521543587964 0.2972451697307987
0.01149297808158844 0.197762645708803
0.01163055325371028 0.1375751721218333
0.01185489931989796 0.2243460661876789
0.01207307976366063 0.2181804437626725
0.01229375370019522 0.220673936534594
0.01240405430123902 0.110300601043797
0.01241795644793976 0.0139021467007415
0.01279161131923279 0.3736548712930301
0.01293122875196853 0.139617432735736
0.01319470907628552 0.2634803243169968
0.01342413006785177 0.2294209915662433
0.0135734851539482 0.1493550860964359
0.0138101333712651 0.2366482173168979
0.01402445602646415 0.2143226551990507
0.01415138738481702 0.1269313583528702
0.01412250549999907 -0.02888188481794778
0.01460586248597011 0.4833569859710365
0.01480403922738494 0.1981767414148301
0.01503002877756925 0.2259895501843072
0.01525859754654866 0.228568768979415
0.01548965252629481 0.2310549797461432
0.01568037298761442 0.1907204613196128
0.01596998772786739 0.2896147402529671
0.01579814148965704 -0.1718462382103436
0.016302710669085 0.5045691794279584
0.01655874530299132 0.2560346339063185
0.01680229823979256 0.2435529368012383
0.01704771595089618 0.2454177111036251
0.01731486826977492 0.267152318878739
0.01753696683557721 0.2220985658022909
0.0176494840776796 0.1125172421023862
0.01779852063093242 0.1490365532528237
0.01817796977696011 0.3794491460276834
0.0184136550194352 0.2356852424750984
0.0187235352483109 0.3098802288756947
0.01892177356371992 0.1982383154090182
0.01917520003497874 0.2534264712588177
0.01934865512342403 0.1734550884452957
0.01967334703223508 0.3246919088110492
0.01987512257307202 0.2017755408369425
0.01997436000620927 0.09923743313724337
0.02031597055365606 0.3416105474467919
0.02055687628272095 0.2409057290648949
0.02083971403711637 0.2828377543954153
0.02108380489800119 0.2440908608848241
0.02122544233478397 0.1416374367827801
0.02156012522402841 0.3346828892444413
0.02177217013994166 0.2120449159132426
0.02174392054103735 -0.02824959890430911
0.02214833722761789 0.4044166865805401
0.02242569782599019 0.2773605983723074
0.02261314355158786 0.1874457255976701
0.02282926155206233 0.2161180004744689
0.02308366084433285 0.2543992922705192
0.02330534987499931 0.2216890306664526
0.02350244421329954 0.1970943383002299
0.02353062010388509 0.02817589058555503
0.02391528246202898 0.3846623581438904
0.02402957637093266 0.114293908903676
0.02427629843475812 0.246722063825467
0.0244722545377709 0.195956103012776
0.0247026347359651 0.2303801981941959
0.0249084509643044 0.2058162283393034
0.02511300344360576 0.2045524793013627
0.02514315539939846 0.03015195579269409
0.02549587156890147 0.3527161695030118
0.02567581884169867 0.1799472727971978
0.02572027985458375 0.044461012885081
0.02605847677135496 0.3381969167712169
0.0262316124980254 0.173135726670437
0.02646026735680309 0.2286548587776861
0.02669027204137311 0.2300046845700211
0.02686937705379337 0.1791050124202616
0.02690124257744492 0.03186552365155165
0.0272004086494132 0.2991660719682785
0.02739580082071645 0.1953921713032519
0.02757073259975219 0.1749317790357384
0.02782556173774184 0.254829137989649
0.02795692338207346 0.1313616443316228
0.02818138954313775 0.2244661610642934
0.028378390505507 0.1970009623692495
0.02833043082504254 -0.04795968046445928
0.02874038253360942 0.4099517085668775
0.02895297820710363 0.2125956734942078
0.02906001762612878 0.1070394190251546
0.02924094943486755 0.1809318087387692
0.0294435358679615 0.2025864330939507
0.02958184488266976 0.1383090147082551
0.02979215561540702 0.210310732737258
0.02976319863431634 -0.02895698109067757
0.03011318842812863 0.3499897938122852
0.03028345307955759 0.1702646514289696
0.03044994428624778 0.166491206690187
0.03061256267964731 0.162618393399528
0.03077121336938919 0.158650689741878
0.03092585169246291 0.1546383230737226
0.03107642236067002 0.1505706682071069
0.03133799715154288 0.2615747908728642
0.03145592851128258 0.117931359739698
0.03158290807156366 0.1269795602810847
0.03171715462566475 0.134246554101089
0.03195848130135633 0.2413266756915791
0.03208743919570377 0.1289578943474354
0.03224129203200402 0.1538528363002473
0.03237360531735314 0.1323132853491282
0.03254235944771493 0.168754130361784
0.03269585523441664 0.1534957867017142
0.03278001628238907 0.08416104797242391
0.03296325088844054 0.1832346060514703
0.0330339443475802 0.0706934591396674
0.03277128701410573 -0.2626573334744767
0.03202262704310413 -0.7486599710015973
0.03141378495795256 -0.6088420851515647
0.0309233743850261 -0.4904105729264668
0.0303978951014506 -0.5254792835755022
0.02993448013993541 -0.4634149615151892
0.02961885164802358 -0.3156284919118256
0.02888890782898146 -0.7299438190421191
0.02802004429135625 -0.8688635376252092
0.02728578268286282 -0.7342616084934361
0.02634555642278464 -0.9402262600781766
0.02533331663184048 -1.012239790944162
0.02412582249449073 -1.207494137349743
0.02281993673164841 -1.305885762842324
0.02167915563823038 -1.140781093418034
0.02050945167546295 -1.169703962767426
0.01960273343281215 -0.9067182426507996
0.01872696397172432 -0.875769461087833
0.01791232174029839 -0.8146422314259313
0.01713227667585709 -0.7800450644412995
0.01645260719112222 -0.6796694847348677
0.01584881724163522 -0.6037899494869998
0.01526566472394032 -0.5831525176948991
0.01475028600022738 -0.5153787237129424
0.01420358923438748 -0.5466967658398942
0.01365437341529985 -0.5492158190876385
0.01369436246948215 0.03998905418229996
0.01351983843542635 -0.4495021859614537
0 0
0 0
0 0
