-0.03346702381781839 -33.46702381781839
-0.1036097371874332 -66.42415516763498
-0.0007594929796131598 102.85024420782
-0.05065771276293598 -49.89821978332282
-0.1071763500425583 -56.5186372796223
-0.1174480697929941 -10.27171975043585
-0.1497753725886605 -32.3273027956664
-0.1844121767594384 -34.63680417077791
-0.2011094656848699 -16.69728892543146
-0.2294478732333702 -28.33840754850028
-0.2474774731669571 -18.02959993358688
-0.2787076201289332 -31.23014696197612
-0.351974094570524 -73.26647444159084
-0.4617899824671305 -109.8158878966065
-0.5434985643242578 -81.70858185712726
-0.6213113263457776 -77.81276202151976
-0.6151120649725925 6.19926137318505
-0.6273908302549311 -12.27876528233862
-0.5674673481203083 59.92348213462284
-0.6051041166120954 -37.63676849178709
-0.5439368348021387 61.16728180995668
-0.4860902234349131 57.84661136722558
-0.4011060644661385 84.98415896877465
-0.3463105360796084 54.79552838653012
-0.2585140469815759 87.7964890980325
-0.247460220791603 11.05382618997283
-0.2142174816128452 33.24273917875789
-0.197662329005552 16.55515260729312
-0.1854017896666394 12.26053933891266
-0.1864265852661719 -1.02479559953253
-0.1946184544342917 -8.191869168119759
-0.2200952181651845 -25.4767637308928
-0.2460817954583827 -25.9865772931982
-0.2720160748426306 -25.93427938424797
-0.3035200849086925 -31.50401006606185
-0.3418646116224862 -38.34452671379368
-0.3636889411207539 -21.82432949826774
-0.4030395440991165 -39.35060297836262
-0.4402006558507231 -37.16111175160658
-0.4680449014769975 -27.84424562627435
-0.4836567343203642 -15.6118328433667
-0.489755985434438 -6.099251114073834
-0.5028502516793683 -13.09426624493026
-0.5032964199773128 -0.4461682979445269
-0.4934625851355338 9.833834841779021
-0.4808643588206405 12.59822631489321
-0.4635077595681646 17.3565992524759
-0.4428935835938885 20.61417597427617
-0.4065889641287285 36.30461946515994
-0.368633533393629 37.95543073509955
-0.3449524064073073 23.68112698632169
-0.3140320990895199 30.92030731778739
-0.2696649981582067 44.36710093131324
-0.2467781231347154 22.88687502349121
-0.2128191411661246 33.95898196859087
-0.1995436638967924 13.2754772693322
-0.1812254682428733 18.31819565391907
-0.1613071417897017 19.9183264531716
-0.1295557528583542 31.75138893134755
-0.1280731222571204 1.482630601233714
-0.1044005442478129 23.67257800930753
-0.0966852781205767 7.71526612723622
-0.08024091142872374 16.44436669185297
-0.06290171295436042 17.33919847436331
-0.05040572963996838 12.49598331439204
-0.03610545763404523 14.30027200592315
-0.01918409691039034 16.92136072365489
-0.01134990262404611 7.834194286344232
0.001519013940172873 12.86891656421898
0.01243967311680269 10.92065917662982
0.02201960865458606 9.579935537783369
0.03284209751638582 10.82248886179976
0.0396456504131445 6.803552896758686
0.04695464679635336 7.308996383208859
0.0486497322134682 1.695085417114835
0.05837343813993051 9.723705926462316
0.06256088823399214 4.187450094061629
0.06562116973760602 3.060281503613885
0.06488610708156886 -0.7350626560371637
0.06854108682879405 3.654979747225187
0.06462505371554024 -3.916033113253808
0.06834509306647994 3.720039350939702
0.06571796201766773 -2.627131048812209
0.06041430537179454 -5.303656645873192
0.06227297317729007 1.858667805495533
0.06147193202875276 -0.8010411485373098
0.05801420239213449 -3.457729636618271
0.05615637993730301 -1.857822454831487
0.05149087225473094 -4.665507682572061
0.05028481581856493 -1.20605643616601
0.04602347146278617 -4.26134435577876
0.03926596975878581 -6.757501704000364
0.04142307450865366 2.157104749867848
0.03941907257679036 -2.0040019318633
0.03663159802346311 -2.78747455332725
0.03228942002442269 -4.342177999040422
0.03093442248155182 -1.35499754287087
0.02936120492812979 -1.573217553422022
0.02695146407930089 -2.4097408488289
0.02317586278981472 -3.775601289486175
0.02212312684514523 -1.052735944669484
0.02002096399447112 -2.102162850674119
0.01730854367253615 -2.712420321934968
0.01665339191207971 -0.6551517604564371
0.01478771497374366 -1.865676938336055
0.01273846969688835 -2.049245276855309
0.01070500423823455 -2.033465458653801
0.008715759771688789 -1.989244466545756
0.006267652140111712 -2.448107631577078
0.004884639250693043 -1.383012889418668
0.00317898242565891 -1.705656825034133
0.002194946906661069 -0.9840355189978415
0.0003077128256802515 -1.887234080980817
-0.000800547203248196 -1.108260028928447
-0.002587403148807119 -1.786855945558923
-0.003828974378766167 -1.241571229959049
-0.004896004911389241 -1.067030532623073
-0.00595738784570017 -1.061382934310929
-0.00651237672543717 -0.5549888797369996
-0.007168007925867801 -0.6556312004306307
-0.007379730325342785 -0.2117223994749845
-0.006717333285698589 0.6623970396441963
-0.007767020214683097 -1.049686928984508
-0.007543059113223518 0.2239611014595794
-0.006862590623963364 0.6804684892601541
-0.00652653258644482 0.336058037518544
-0.005684100304025464 0.8424322824193559
-0.004511069588135953 1.173030715889511
-0.003561940159286178 0.9491294288497742
-0.002358446502998004 1.203493656288175
-0.0009321981240871161 1.426248378910888
0.000930601521934499 1.862799646021615
0.002464356936671246 1.533755414736747
0.003875977764045723 1.411620827374477
0.006157688874500639 2.281711110454915
0.008269666393189596 2.111977518688957
0.009899032182502331 1.629365789312736
0.01240253885229318 2.50350666979085
0.01457562678989216 2.173087937598978
0.0139178195601684 -0.6578072297237589
0.018040105633601 4.122286073432601
0.01760170788798272 -0.438397745618279
0.0193313157214537 1.729607833470981
0.01858806852178343 -0.7432471996702723
0.01710056596370332 -1.487502558080115
0.01454896871661394 -2.551597247089373
0.01307839984863837 -1.470568867975579
0.01151010450013168 -1.568295348506683
0.01019480739154834 -1.315297108583344
0.008444274185662976 -1.750533205885363
0.007673507896791158 -0.770766288871818
0.005971458908689554 -1.702048988101604
0.006135376812886896 0.1639179041973424
0.005767842025412398 -0.367534787474498
0.005619548996580074 -0.1482930288323244
0.006028823400526839 0.4092744039467652
0.006115773127019921 0.08694972649308207
0.006137988767439323 0.02221564041940145
0.00727517154309904 1.137182775659717
0.008245595084239984 0.9704235411409443
0.009441482214830946 1.195887130590961
0.009954369361810544 0.5128871469795987
0.01239633199675755 2.441962634947004
0.01408186736999716 1.685535373239611
0.01592730832835186 1.845440958354698
0.01775232510387462 1.825016775522766
0.01836718598318806 0.6148608793134329
0.02268790924673108 4.320723263543019
0.0255925482674079 2.904639020676825
0.02760324574212787 2.01069747471997
0.03185492091469157 4.251675172563695
0.03428011466595168 2.425193751260116
0.03909187588731403 4.81176122136235
0.04012945846309478 1.037582575780752
0.0432010620344572 3.071603571362415
0.04905911373875303 5.858051704295833
0.05077283284906096 1.713719110307925
0.05813703064604493 7.364197796983975
0.06263612505907554 4.499094413030605
0.06717035151248489 4.534226453409354
0.0717056878544938 4.535336342008908
0.07478185612413707 3.07616826964327
0.06598370577625844 -8.798150347878632
0.08106656989540267 15.08286411914424
0.0873469626338073 6.280392738404625
0.08872632732962354 1.379364695816246
0.09535232103548047 6.625993705856925
0.09715022591410466 1.79790487862419
0.1027511229671235 5.600897053018805
0.1047049085386093 1.953785571485872
0.09614249907477532 -8.562409463834019
0.07001239865013079 -26.13010042464453
0.0660273395114838 -3.985059138646982
0.05095278478571517 -15.07455472576863
0.04413985346967064 -6.812931316044532
0.03695654136592141 -7.183312103749236
0.03273643189459719 -4.220109471324215
0.03062885402490501 -2.107577869692182
0.02928936134065152 -1.339492684253488
0.0280662041404852 -1.223157200166324
0.02918796609930907 1.121761958823877
0.03204650334393698 2.858537244627906
0.03280324247232909 0.7567391283921088
0.03399162226466648 1.188379792337386
0.03714778306818527 3.156160803518791
0.03759260798237736 0.4448249141920935
0.04173821165221472 4.145603669837357
0.04139963645386917 -0.3385751983455421
0.04477590457279293 3.376268118923754
0.04666719561513211 1.891291042339177
0.05066392647897705 3.996730863844944
0.05191869043623581 1.254763957258764
0.05378391815929082 1.865227723055002
0.05341213568052595 -0.3717824787648621
0.05867822691912053 5.266091238594576
0.06054140474424837 1.863177825127842
0.05870572889671548 -1.835675847532893
0.06203874622540339 3.333017328687911
0.06185351685235323 -0.1852293730501622
0.06718935922006912 5.335842367715893
0.06728496391857784 0.09560469850872222
0.07079277375906841 3.507809840490566
0.06847573695686923 -2.317036802199177
0.07407555832830023 5.599821371431002
0.06915097433854331 -4.924583989756925
0.07667180218512748 7.520827846584171
0.07560019924955649 -1.071602935570987
0.07667534985413478 1.075150604578287
0.07707771235470565 0.4023625005708659
0.07988977555030395 2.812063195598305
0.07833258449682376 -1.557191053480192
0.07833397658624497 0.001392089421209386
0.07401946602662682 -4.314510559618151
0.08088780381969578 6.868337793068959
0.07889349861885918 -1.994305200836599
0.07909732502357331 0.2038264047141275
0.07922841887002081 0.1310938464475081
0.07916347708497802 -0.06494178504279358
0.08142770608872429 2.264229003746274
0.08141353329157429 -0.01417279715000552
0.08129505881263113 -0.1184744789431563
0.07408443180670068 -7.210627005930448
0.07395528928910107 -0.1291425175996147
0.07804999922426598 4.094709935164905
0.07939503328108899 1.345034056823013
0.07842397485835788 -0.9710584227311109
0.07548996128255038 -2.934013575807498
0.07624591239029734 0.755951107746955
0.07293026651788612 -3.315645872411219
0.06762591136029486 -5.304355157591256
0.07109221885716425 3.466307496869395
0.07166453874811497 0.5723198909507177
0.06694748053883705 -4.717058209277925
0.06955955419965738 2.612073660820335
0.06652539365757415 -3.034160542083233
0.06587240221906118 -0.6529914385129676
0.06641777827117198 0.545376052110802
0.05984389699419214 -6.573881276979845
0.06433123978281309 4.487342788620952
0.06171136903364427 -2.61987074916882
0.0585162759589119 -3.195093074732369
0.0609499015551444 2.433625596232503
0.05973984851694646 -1.210053038197947
0.05720210405499133 -2.537744461955121
0.05456050282638125 -2.641601228610083
0.05660091328887262 2.040410462491364
0.05081457405126252 -5.786339237610092
0.05495110395961165 4.136529908349125
0.05290468192019966 -2.046422039411987
0.05215686439548439 -0.7478175247152691
0.05289094379875667 0.7340794032722753
0.05091319783706409 -1.977745961692576
0.05023818346989784 -0.6750143671662503
0.0486224684606652 -1.615715009232639
0.04794595605165273 -0.6765124090124738
0.05009274223391864 2.146786182265915
0.04950778642516337 -0.5849558087552692
0.04894030220169415 -0.5674842234692223
0.04375541698537448 -5.184885216319671
0.0436146356624114 -0.1407813229630794
0.04099414477756981 -2.620490884841592
0.03625530548101319 -4.738839296556622
0.02963503292485372 -6.620272556159466
0.02579235875648519 -3.842674168368532
0.01464969916844677 -11.14265958803842
0.004488305617609274 -10.1613935508375
-0.00568343415484744 -10.17173977245671
-0.01720726757752376 -11.52383342267632
-0.02732521328270695 -10.11794570518318
-0.03915909591264764 -11.8338826299407
-0.05111472204604571 -11.95562613339807
-0.0506457467304366 0.4689753156091117
-0.06539173374701321 -14.74598701657661
-0.07214387568131901 -6.752141934305802
-0.06764287287496734 4.50100280635167
-0.06267926588024429 4.963606994723049
-0.05188396468958135 10.79530119066294
-0.05755397021199044 -5.670005522409094
-0.0391097660706597 18.44420414133074
-0.01289189274986715 26.21787332079255
-0.007725051486121651 5.166841263745495
-0.003897831112915512 3.827220373206139
-0.004913899495803383 -1.016068382887871
-0.005466387943454869 -0.5524884476514856
-0.002897742399993353 2.568645543461515
-0.006634705936834975 -3.736963536841622
-0.006332457318701874 0.3022486181331017
-0.007107111403376956 -0.7746540846750826
-5.413465675990845e-06 7.101697937700965
-1.265244516280685e-27 0.005413465675990845
-5.84622608673741e-49 1.265244516280685e-24
-2.644188710381993e-70 5.84622608673741e-46
-8.752262401647898e-92 2.644188710381993e-67
-1.301016015970437e-102 8.752262401517796e-89
-3.733712659758832e-124 1.301016015970437e-99
-1.102037915020139e-145 3.733712659758832e-121
-2.704736404339833e-164 1.102037915020139e-142
-8.909969783839635e-177 2.704736404338942e-161
-2.753798480013294e-186 8.909969781085836e-174
-1.067171983491544e-194 2.753798469341574e-183
-2.233459002793328e-198 1.066948637591264e-191
-4.256702357074275e-204 2.233454746090971e-195
-1.834421307181272e-208 4.256518914943557e-201
-8.509439996671513e-212 1.833570363181605e-205
-2.985987235288358e-214 8.479580124318629e-209
-2.734137115498923e-216 2.958645864133368e-211
-8.618646890501955e-218 2.647950646593903e-213
-2.395135116714904e-218 6.223511773787052e-215
-2.60495398642985e-219 2.134639718071919e-215
-3.489958659497099e-220 2.255958120480139e-216
-8.617486657742145e-221 2.628209993722885e-217
-2.899451891514495e-221 5.71803476622765e-218
-1.337954003910062e-221 1.561497887604433e-218
-6.633046151321064e-222 6.746493887779554e-219
-2.663571156368061e-222 3.969474994953003e-219
-2.736953001548916e-222 -7.338184518085543e-221
-1.716768488259623e-222 1.020184513289293e-219
-1.106028735026351e-222 6.107397532332718e-220
-6.795933808047388e-223 4.264353542216125e-220
-4.555730144959639e-223 2.240203663087749e-220
-3.295506482187148e-223 1.260223662772491e-220
-1.488772552745288e-223 1.80673392944186e-220
-1.760155473993714e-223 -2.713829212484262e-221
-1.339483763280184e-223 4.206717107135299e-221
-8.437244737479471e-224 4.957592895322371e-221
-5.172310969736338e-224 3.264933767743133e-221
-3.74648938624152e-224 1.425821583494818e-221
-2.259689785177982e-224 1.486799601063538e-221
-9.274701569354337e-225 1.332219628242548e-221
-1.230028069153851e-224 -3.02557912218417e-222
-7.088409540723622e-225 5.211871150814885e-222
-5.330438622892554e-225 1.757970917831068e-222
-2.925636063836817e-225 2.404802559055737e-222
-1.614206942629899e-225 1.311429121206918e-222
-6.624898949098575e-226 9.517170477200412e-223
-3.06555654262227e-226 3.559342406476306e-223
2.574814023037944e-226 5.640370565660213e-223
4.52568093829354e-227 -2.122245929208589e-223
1.840279178648336e-226 1.387711084818981e-223
2.07313246001028e-226 2.32853281361945e-224
2.332913141225333e-226 2.597806812150528e-224
2.133963951799513e-226 -1.989491894258202e-224
2.015668519647842e-226 -1.182954321516707e-224
1.641380679003714e-226 -3.742878406441283e-224
1.463420940470154e-226 -1.779597385335601e-224
1.224915748925662e-226 -2.385051915444919e-224
9.983835948084964e-227 -2.265321541171656e-224
8.255069003610218e-227 -1.728766944474746e-224
6.698893142945629e-227 -1.556175860664589e-224
5.966548614844637e-227 -7.323445281009919e-225
3.569342391255586e-227 -2.397206223589052e-224
3.445438193797136e-227 -1.239041974584496e-225
2.689486750721106e-227 -7.559514430760305e-225
2.210461448268713e-227 -4.790253024523925e-225
1.740201287759662e-227 -4.702601605090512e-225
1.354507484818182e-227 -3.856938029414803e-225
1.024846762521014e-227 -3.29660722297168e-225
7.923664651562313e-228 -2.324802973647823e-225
5.525256085696104e-228 -2.398408565866209e-225
5.314602827233576e-228 -2.106532584625277e-226
4.012724388171993e-228 -1.301878439061583e-225
3.079422132049381e-228 -9.333022561226124e-226
2.564352851847379e-228 -5.150692802020019e-226
1.835467348330411e-228 -7.288855035169675e-226
1.355306629335603e-228 -4.801607189948083e-226
7.860704819940357e-229 -5.692361473415671e-226
8.950169910430906e-229 1.089465090490549e-226
5.196067720078922e-229 -3.754102190351984e-226
3.659073845245679e-229 -1.536993874833243e-226
2.232021683184961e-229 -1.427052162060719e-226
1.618947917345504e-229 -6.130737658394567e-227
1.383808498810285e-229 -2.351394185352194e-227
7.486103382951022e-230 -6.351981605151822e-227
2.869086493020518e-230 -4.617016889930504e-227
7.433783889711362e-230 4.564697396690844e-227
6.659638853943404e-230 -7.741450357679581e-228
5.252267555005063e-230 -1.407371298938341e-227
4.466789261003899e-230 -7.854782940011637e-228
4.099206901103919e-230 -3.675823598999801e-228
4.412614691550032e-230 3.134077904461127e-228
4.849870339828176e-230 4.372556482781444e-228
6.075347927637226e-230 1.22547758780905e-227
8.534682000696049e-230 2.459334073058823e-227
1.144153677867827e-229 2.906854777982225e-227
1.381168605561796e-229 2.370149276939689e-227
1.677906935394813e-229 2.967383298330168e-227
1.868428156296242e-229 1.905212209014291e-227
2.015267684856708e-229 1.468395285604662e-227
1.842557502489533e-229 -1.727101823671756e-227
1.648181069774241e-229 -1.943764327152914e-227
1.353583620048217e-229 -2.945974497260242e-227
1.110218397781177e-229 -2.433652222670404e-227
3.995454586932233e-230 -7.106729390879533e-227
4.863411089853417e-231 -3.509113477946891e-227
-9.432028173602214e-230 -9.918369282587555e-227
-1.92881455578454e-229 -9.856117384243184e-227
-2.481054147777406e-229 -5.522395919928665e-227
-3.530715854106984e-229 -1.049661706329578e-226
-4.697715837650339e-229 -1.166999983543355e-226
-5.40808192879353e-229 -7.103660911431905e-227
-7.090839912552414e-229 -1.682757983758884e-226
-7.830605715611114e-229 -7.397658030586999e-227
-9.757322912501727e-229 -1.926717196890613e-226
-1.076811816592248e-228 -1.010795253420749e-226
-1.203926199992405e-228 -1.271143834001579e-226
-1.275238928246645e-228 -7.131272825423959e-227
-1.289856333380149e-228 -1.46174051335036e-227
-1.295949869137409e-228 -6.093535757260373e-228
-1.195535152201446e-228 1.004147169359635e-226
-1.157206949021815e-228 3.832820317963054e-227
-1.054438305102214e-228 1.027686439196014e-226
-9.152163113008316e-229 1.39221993801382e-226
-8.847366969155295e-229 3.047961438530207e-227
-7.672358371759506e-229 1.175008597395789e-226
-7.292575487615178e-229 3.797828841443281e-227
-7.075058357443514e-229 2.17517130171664e-227
-6.984622508111877e-229 9.04358493316373e-228
-7.106066960280382e-229 -1.214444521685057e-227
-7.795641191373184e-229 -6.895742310928015e-227
-8.034417254015879e-229 -2.38776062642695e-227
-1.031703067113265e-228 -2.28261341711677e-226
-1.054546472234001e-228 -2.284340512073574e-227
-1.2175154017763e-228 -1.629689295422995e-226
-1.413455376859667e-228 -1.959399750833665e-226
-1.579403738471313e-228 -1.659483616116466e-226
-1.889914377530685e-228 -3.105106390593719e-226
-2.138270583852523e-228 -2.483562063218377e-226
-2.303392277625245e-228 -1.651216937727226e-226
-2.923633087261161e-228 -6.202408096359155e-226
-3.213843938892855e-228 -2.902108516316938e-226
-3.761636540443388e-228 -5.47792601550533e-226
-4.191930280052631e-228 -4.302937396092429e-226
-4.809935187472529e-228 -6.180049074198978e-226
-5.498912764061651e-228 -6.889775765891226e-226
-6.216288399163737e-228 -7.173756351020861e-226
-6.978169265909652e-228 -7.618808667459148e-226
-8.610693481211045e-228 -1.632524215301393e-225
-9.076999254976368e-228 -4.663057737653231e-226
-1.009700764257149e-227 -1.020008387595118e-225
-1.148031370026068e-227 -1.383306057689194e-225
-1.252519778957937e-227 -1.04488408931869e-225
-1.415533460217373e-227 -1.630136812594355e-225
-1.503443705178247e-227 -8.791024496087488e-226
-1.665865831741377e-227 -1.62422126563129e-225
-1.772954638254391e-227 -1.070888065130146e-225
-1.883465578946141e-227 -1.105109406917498e-225
-1.899420048240218e-227 -1.595446929407745e-226
-1.696227871282668e-227 2.031921769575506e-225
-1.407506294115175e-227 2.887215771674923e-225
-1.021926516724518e-227 3.855797773906574e-225
-5.100812614627405e-228 5.118452552617774e-225
-2.419193176440057e-228 2.681619438187348e-225
-1.885946817563064e-229 2.23059849468375e-225
1.184897111393975e-229 3.070843928957039e-226
-2.435479212674114e-229 -3.620376324068089e-226
-1.86889649007771e-228 -1.625348568810299e-225
-2.951561556355644e-228 -1.082665066277934e-225
-4.22266048230799e-228 -1.271098925952345e-225
-3.875883397576536e-228 3.467770847314541e-226
-2.110343881933206e-228 1.765539515643329e-225
-1.864099253403088e-229 1.923933956592897e-225
-3.496013322721247e-229 -1.631914069318159e-226
-3.716535221237296e-228 -3.366933888965171e-225
-5.376629255759747e-228 -1.660094034522451e-225
-3.672505035427037e-228 1.70412422033271e-225
-5.573684117832788e-229 3.115136623643758e-225
-2.287115185671021e-228 -1.729746773887742e-225
-5.980142515338048e-228 -3.693027329667027e-225
-2.442501849357526e-228 3.537640665980522e-225
-9.380194236632942e-229 1.504482425694232e-225
-6.000541919199636e-228 -5.062522495536341e-225
-2.133066676616539e-229 5.787235251537982e-225
-5.12001498566546e-228 -4.906708318003807e-225
-1.074411194346661e-228 4.045603791318799e-225
-2.678032655464676e-228 -1.111703495711518e-225
-2.740374580955234e-228 -6.234192549055819e-227
-3.20541783851239e-229 2.419832797103995e-225
-5.576834477194764e-228 -6.126079270124508e-225
4.837733480263486e-230 5.625211811997398e-225
-3.630423447981681e-228 -3.678800782784316e-225
