0.02415012962378489 24.15012962378489
0.02322050000225625 -0.9296296215286458
0.02257969888958716 -0.6408011126690822
0.02225351355358986 -0.326185335997306
0.0222330877444109 -0.02042580917895401
0.02243693966056137 0.2038519161504659
0.02284042548049146 0.4034858199300946
0.02334918328211904 0.5087578016275719
0.02402946851141693 0.6802852292978924
0.0246177177337157 0.5882492222987756
0.02528007513771739 0.6623574040016885
0.02823931944989438 2.959244312176989
0.03472569987748651 6.486380427592132
0.03810956458575781 3.383864708271296
0.04080124288749076 2.691678301732954
0.04354946214179428 2.748219254303519
0.04620833270618742 2.658870564393137
0.04901378022578793 2.805447519600511
0.05144140382346826 2.427623597680332
0.05400003783099734 2.558634007529079
0.05722851770725779 3.228479876260446
0.06097708695149402 3.748569244236235
0.06459764343680853 3.620556485314508
0.06784992378604338 3.252280349234846
0.07063651385111393 2.786590065070552
0.07310613655661143 2.469622705497498
0.07684924524051349 3.743108683902069
0.07988880185846826 3.039556617954769
0.08271016509561749 2.821363237149224
0.08537096939888603 2.660804303268538
0.08736187843806746 1.990909039181435
0.08912089516411867 1.759016726051207
0.09084992681569773 1.72903165157906
0.09279737845357337 1.947451637875644
0.09410994307188059 1.312564618307213
0.09561810370154566 1.508160629665078
0.09912664918069891 3.508545479153247
0.09982622322518409 0.6995740444851739
0.1025652195487018 2.738996323517762
0.1055937640163226 3.028544467620797
0.1083019373618775 2.708173345554857
0.112235483348661 3.933545986783457
0.1152673192738816 3.031835925220688
0.1188417992001745 3.574479926292812
0.120919082131606 2.077282931431557
0.1243344642750796 3.415382143473575
0.1270890142805204 2.75455000544085
0.1288998440246084 1.810829744087972
0.1317340194773486 2.834175452740229
0.133932312618857 2.198293141508323
0.1338344633780671 -0.09784924078984347
0.135564944830919 1.730481452851845
0.1363718802755579 0.8069354446389176
0.1358789811387495 -0.4928991368084168
0.1378189592825082 1.939978143758736
0.1364478614427816 -1.371097839726554
0.1346262679974031 -1.821593445378522
0.1333363290272124 -1.289938970190696
0.1356694830398487 2.333154012636285
0.1305990525661812 -5.070430473667536
0.1316222037202278 1.023151154046609
0.1278434832260644 -3.77872049416339
0.1267942399655753 -1.049243260489136
0.1275645401452077 0.7703001796324771
0.12783648667101 0.271946525802258
0.1252698993130735 -2.566587357936523
0.1317525745673294 6.482675254255887
0.1249029419298599 -6.849632637469418
0.1247430600723896 -0.1598818574703037
0.1260615299602054 1.318469887815754
0.1243089533332575 -1.752576626947846
0.1239554690135095 -0.3534843197480764
0.1277395391965609 3.784070183051477
0.1243521057568694 -3.38743343969157
0.1276949357509992 3.342829994129839
0.1214357882920269 -6.25914745897227
0.1203670821363816 -1.068706155645388
0.1191462131795191 -1.220868956862436
0.121189357486623 2.043144307103922
0.1165500879683798 -4.639269518243255
0.1172319014092102 0.6818134408303755
0.1139633902834833 -3.268511125726834
0.1140615029909137 0.09811270743032008
0.1163555445831979 2.294041592284232
0.111125366401246 -5.230178181951872
0.1081335551892258 -2.991811212020204
0.1082165274531987 0.08297226397294133
0.105259862248945 -2.956665204253736
0.1059795672947204 0.7197050457753706
0.1025757960114563 -3.403771283264093
0.1012092740021014 -1.366522009354859
0.1065314734312117 5.322199429110261
0.1003890148447913 -6.142458586420429
0.09761012347509712 -2.778891369694142
0.09631673756830487 -1.293385906792246
0.09766692139742522 1.350183829120347
0.09455435346067122 -3.112567936754004
0.09384638602839832 -0.7079674322729018
0.09148245592271358 -2.363930105684739
0.09258417753423201 1.101721611518433
0.0900903953006314 -2.493782233600611
0.08925494255238417 -0.8354527482472285
0.08781310480520037 -1.441837747183802
0.0865895095859911 -1.22359521920927
0.08550049375737147 -1.08901582861963
0.08386683194327418 -1.633661814097284
0.08219919974730347 -1.667632195970714
0.08097814664227959 -1.221053105023878
0.08138660281399947 0.4084561717198759
0.07991789381637905 -1.468708997620416
0.07807039111752075 -1.847502698858305
0.07719400492965996 -0.8763861878607893
0.07529386861811603 -1.900136311543926
0.07516799177193056 -0.1258768461854659
0.07295715511956276 -2.210836652367806
0.0720914010927438 -0.8657540268189601
0.07149828405605906 -0.5931170366847427
0.06957714057475697 -1.921143481302082
0.06824921513675979 -1.327925437997188
0.06663260541023748 -1.616609726522306
0.06565848323100473 -0.9741221792327476
0.06512673846853735 -0.5317447624673816
0.06294994868634393 -2.17678978219342
0.06151357024820944 -1.436378438134489
0.06099015020233269 -0.5234200458767504
0.05871944247012677 -2.270707732205925
0.05721268757842076 -1.506754891706007
0.05597189325114369 -1.24079432727707
0.05425786867132831 -1.714024579815378
0.05310546465646363 -1.152404014864682
0.05147468757412392 -1.630777082339711
0.05001703907627132 -1.457648497852598
0.04851879887586161 -1.498240200409714
0.04729898375335963 -1.21981512250198
0.04540755451678763 -1.891429236571998
0.04379491825393919 -1.612636262848438
0.04232133018952206 -1.473588064417136
0.04082883042895891 -1.492499760563148
0.03937946111106642 -1.449369317892489
0.03780638082049229 -1.573080290574125
0.0364075659605179 -1.398814859974389
0.03543117950098507 -0.9763864595328381
0.03412176192113284 -1.309417579852229
0.03333218898714278 -0.7895729339900611
0.03291634961321484 -0.4158393739279315
0.032837400503803 -0.07894910941184247
0.03298852596126475 0.1511254574617441
0.0333047516053798 0.3162256441150493
0.03370459924076406 0.3998476353842678
0.03412524186079831 0.420642620034245
0.03464665433928886 0.5214124784905516
0.03503359152832018 0.3869371890313222
0.03534678986912716 0.3131983408069736
0.03560660746308779 0.2598175939606331
0.03576923275073371 0.1626252876459205
0.0358513195985402 0.08208684780648678
0.03587500455488123 0.02368495634103712
0.03593657617570829 0.06157162082705975
0.03574126551657991 -0.1953106591283879
0.03561876434092771 -0.1225011756521913
0.03547461546161505 -0.144148879312668
0.03540699604089207 -0.06761942072297522
0.03518560318395379 -0.221392856938285
0.03503865908414906 -0.14694409980473
0.03489624777069725 -0.1424113134518082
0.03474563401031819 -0.1506137603790592
0.03469842683919541 -0.04720717112277617
0.03444098319154164 -0.2574436476537739
0.03432945298544906 -0.1115302060925791
0.03423793740594418 -0.09151557950487499
0.03404780649836758 -0.1901309075766008
0.03392057708611883 -0.1272294122487555
0.0338049281782743 -0.1156489078445247
0.03376209813720496 -0.04283004106934302
0.03367172506793706 -0.09037306926790167
0.03351061840317457 -0.1611066647624892
0.03346490306936593 -0.04571533380864218
0.03334385634528916 -0.1210467240767635
0.03320102202977492 -0.1428343155142411
0.0331104309752025 -0.09059105457242395
0.03302612796220136 -0.08430301300114268
0.03297761820760461 -0.04850975459674139
0.0330668034197587 0.08918521215408454
0.03287532483351743 -0.1914785862412657
0.03277790667268745 -0.09741816082998317
0.03282550467910587 0.04759800641841727
0.03268664805534911 -0.1388566237567612
0.03267926517577623 -0.007382879572873091
0.03262065597632063 -0.05860919945560594
0.03264582882745394 0.02517285113331352
0.03278950038016171 0.1436715527077664
0.03302591097664839 0.2364105964866858
0.03325520038579884 0.2292894091504502
0.03379751348735146 0.5423131015526161
0.03407879566567734 0.2812821783258826
0.03457793704813137 0.4991413824540283
0.03486816316189261 0.2902261137612411
0.03499314193778388 0.1249787758912727
0.03496115780767098 -0.03198413011290535
0.03473786813043978 -0.2232896772312032
0.03457210296267209 -0.1657651677676869
0.03447495097784226 -0.09715198482983245
0.03423065523736318 -0.2442957404790794
0.03411405281740059 -0.1166024199625859
0.03406818972004785 -0.04586309735273714
0.03433820303929336 0.2700133192455045
0.03450712034798693 0.1689173086935683
0.03492426392911629 0.4171435811293617
0.03495440783095657 0.03014390184028631
0.03504773117471059 0.09332334375401763
0.03507990410472477 0.0321729300141807
0.03479335661522153 -0.2865474895032416
0.0350084741916854 0.2151175764638705
0.03540454946512898 0.396075273443583
0.03482235106299119 -0.5821984021377943
0.0348583141979615 0.03596313497031267
0.03552976998885136 0.6714557908898618
0.03524017474308142 -0.2895952457699427
0.03611377343458717 0.8735986915057516
0.03499348768399745 -1.120285750589728
0.03536097182066921 0.3674841366717654
0.03498638849435437 -0.374583326314841
0.03531539367856795 0.3290051842135822
0.03492759150764593 -0.3878021709220261
0.03599891453207598 1.071323024430054
0.03481349360103851 -1.185420931037469
0.03544089122888033 0.627397627841822
0.03533565806006986 -0.1052331688104757
0.03449603729824765 -0.8396207618222087
0.0343259796408675 -0.1700576573801516
0.0343984044425884 0.07242480172090643
0.03419705427426691 -0.2013501683214916
0.03431056739361523 0.1135131193483185
0.03370896146405471 -0.6016059295605169
0.0340292566823746 0.3202952183198882
0.03374543772752234 -0.2838189548522649
0.03368470030251535 -0.06073742500698615
0.03367066537513758 -0.01403492737777484
0.03348805224000965 -0.1826131351279278
0.03350120874769959 0.01315650768993898
0.03368743374853695 0.1862250008373631
0.0338651508338055 0.17771708526855
0.03420187020414115 0.3367193703356502
0.03384139295521063 -0.36047724893052
0.03384003742485371 -0.001355530356919599
0.0340345250621435 0.1944876372897905
0.03440835071549418 0.3738256533506734
0.03456903134364513 0.1606806281509512
0.0350910560199251 0.5220246762799724
0.03564841666658331 0.5573606466582128
0.03592968358238695 0.2812669158036366
0.03618050905535505 0.2508254729680984
0.03674387454515052 0.5633654897954712
0.03723929234058362 0.4954177954330993
0.03796522600719297 0.7259336666093491
0.03841461567591838 0.4493896687254167
0.03899858139106474 0.5839657151463575
0.03951138799863723 0.5128066075724899
0.04016125945989906 0.6498714612618306
0.04072434148059981 0.5630820207007461
0.04145374198209321 0.7294005014934004
0.04206059711783303 0.6068551357398255
0.04278024667601182 0.7196495581787837
0.04348007413526264 0.6998274592508249
0.04414275127576839 0.6626771405057463
0.04497754292195905 0.8347916461906579
0.04551487257973051 0.5373296577714654
0.04646650942963875 0.9516368499082397
0.0472449467221562 0.7784372925174476
0.04807790917753117 0.8329624553749734
0.04905699588678954 0.9790867092583713
0.04997905662640077 0.9220607396112287
0.05104113636489099 1.062079738490214
0.0517467414431735 0.7056050782825174
0.0522702592084885 0.5235177653149999
0.05370337578684002 1.433116578351518
0.05480270931704841 1.099333530208385
0.05593818025355905 1.135470936510646
0.05684453827373898 0.9063580201799232
0.05808008222934351 1.235543955604539
0.05938718583912544 1.30710360978193
0.06040382498905449 1.283755649631096
0.06059829180367002 0.1944668146155251
0.06276269983781502 2.164408034144999
0.0643412177776013 1.578517939786278
0.06520777350254957 0.866555724948273
0.06548548479352004 0.2777112909704699
0.06377602524254636 -1.70945955097368
0.06170695059828696 -2.0690746442594
0.05696203383568542 -4.744916762601539
0.05466716858152837 -2.29486525415705
0.04941626310671373 -5.250905474814639
0.04609301252970624 -3.32325057700749
0.0446104928008046 -1.482519728901635
0.04155089618856832 -3.059596612236287
0.04123510207797659 -0.3157941105917245
0.04017374802216797 -1.061354055808622
0.0303801571726522 -9.793590849515772
0.02476058141318276 -5.619575759469444
0.0223505176882675 -2.410063724915257
0.02089804025546835 -1.452477432799144
0.02033389164010849 -0.5641486153598676
0.01844344793077224 -1.890443709336251
0.01882989312731858 0.3864451965463409
0.02973343977574336 10.90354664842479
0.03746295065208271 7.729510876339346
0.03625633449250155 -1.206616159581154
0.03950520122423699 3.248866731735439
0.03424421248860714 -5.26098873562985
0.03088590687360218 -3.358305615004959
0.02789796165518384 -2.987945218418348
0.02328287449708088 -4.615087158102955
0.0210046915811244 -2.278182915956477
0.01855724290279121 -2.44744867833319
0.01638067109568519 -2.176571807106023
0.01499670724049296 -1.38396385519223
0.01471650094373596 -0.2802062967569973
0.01679399318301634 2.077492239280374
0.0169571918735008 0.1631986904844576
0.01510867220163175 -1.848519671869046
0.01515933857021849 0.05066636858674402
0.01515566593814034 -0.00367263207814994
0.01519541865221044 0.03975271407009179
0.01518184539735222 -0.01357325485821896
0.01521369748792287 0.03185209057065402
0.0152714690835479 0.05777159562503006
0.01549291553128463 0.2214464477367263
0.01558716629642715 0.09425076514252805
0.01577649623647472 0.1893299400475678
0.01585066590756764 0.07416967109291628
0.01581634218101323 -0.03432372655440968
0.01598376265032215 0.1674204693089196
0.01600652828806119 0.02276563773903617
0.0162094761475863 0.2029478595251127
0.01622849950754447 0.01902335995817434
0.01639028794025138 0.161788432706908
0.01613925736551382 -0.2510305747375624
0.0161173727952773 -0.02188457023652099
0.01600433965758025 -0.1130331376970467
0.01589861532195065 -0.105724335629602
0.01595184694522018 0.05323162326953054
0.01626109026378807 0.3092433185678881
0.01631077666211349 0.04968639832542143
0.01655505464586168 0.2442779837481882
0.01683468160760909 0.2796269617474159
0.01779317783773571 0.9584962301266222
0.01989352393876799 2.100346101032272
0.02323931630030916 3.345792361541172
0.02785148897637622 4.612172676067058
0.03010123089217875 2.24974191580253
0.0378600046452964 7.758773753117648
0.04342190162439199 5.561896979095593
0.0458663488522037 2.444447227811716
0.0534914209227733 7.625072070569595
0.05824677988627159 4.755358963498289
0.06046064760532092 2.213867719049335
0.06402716467014963 3.566517064828703
0.0651048271090886 1.077662438938976
0.07461678809319008 9.511960984101481
0.07937914364857049 4.762355555380404
0.08216571940589022 2.786575757319734
0.08629751598912344 4.131796583233219
0.09180728982877329 5.509773839649845
0.09534828409678792 3.54099426801463
0.09621774436643879 0.8694602696508735
0.09632486133540835 0.1071169689695617
0.1024965464978822 6.171685162473891
0.1038832430875165 1.386696589634209
0.1064270923563688 2.543849268852385
0.1079862157945969 1.559123438228102
0.1085460463108266 0.5598305162296813
0.1099687348285224 1.422688517695766
0.110677666954059 0.708932125536646
0.1106912394787609 0.01357252470191028
0.1108787510171438 0.1875115383828813
0.1115769879326738 0.6982369155299484
0.1114976251291738 -0.0793628034999605
0.1113302615818579 -0.1673635473159046
0.1110053691948089 -0.3248923870490389
0.1105305610664248 -0.4748081283840605
0.1100834991332899 -0.4470619331349568
0.1092302259524492 -0.8532731808406913
0.1097284237634664 0.4981978110172869
0.1080215663199466 -1.706857443519894
0.1066626934801537 -1.35887283979283
0.105428336768172 -1.234356711981743
0.1040553823031602 -1.372954465011733
0.1025742371068408 -1.481145196319422
0.1008995854767129 -1.674651630127935
0.1002764944580444 -0.6230910186685173
0.09920877229193038 -1.067722166113991
0.09665915698193167 -2.549615309998712
0.0952497500938969 -1.409406888034773
0.09303539608619207 -2.214354007704824
0.0915701339082515 -1.465262177940574
0.09005073839023595 -1.519395518015554
0.08923236703529838 -0.8183713549375637
0.08709722747044737 -2.135139564851007
0.0863718666792696 -0.7253607911777704
0.08603787787080608 -0.3339888084635256
0.08350675586958588 -2.531122001220201
0.08204309154950688 -1.463664320078994
0.07974716877143447 -2.295922778072418
0.07809761123758018 -1.64955753385429
0.07726049125585881 -0.8371199817213681
0.07522862793037076 -2.031863325488048
0.07366460280673004 -1.564025123640719
0.07440929767043696 0.7446948637069156
0.07151490238820013 -2.894395282236825
0.0696213622499998 -1.893540138200325
0.0688042563762974 -0.8171058737024006
0.06744853424629649 -1.355722130000916
0.06567212546860093 -1.776408777695554
0.06434991206436672 -1.322213404234218
0.06317503429789452 -1.174877766472196
0.06320668141597514 0.03164711808062437
0.06070445804030906 -2.502223375666079
0.06055967704728046 -0.1447809930286009
0.0587806060372157 -1.779071010064762
0.05765967147432804 -1.120934562887664
0.0559685211097921 -1.691150364535938
0.05473367883723625 -1.234842272555846
0.05351624445159291 -1.21743438564334
0.05354544058758228 0.02919613598936777
0.05145514467204868 -2.090295915533599
0.05030023604691886 -1.154908625129819
0.05072872011735785 0.4284840704389878
0.04826459461048722 -2.464125506870626
0.04766781884508659 -0.5967757654006325
0.04621059980452157 -1.457219040565019
0.04520110595547554 -1.009493849046035
0.04417095898146065 -1.030146974014885
0.04422613319573174 0.0551742142710851
0.04259426236030882 -1.631870835422919
0.04170909100289314 -0.8851713574156774
0.04092790861186761 -0.7811823910255297
0.03957311063248316 -1.354797979384453
0.03899743542592071 -0.5756752065624454
0.03768319685145163 -1.314238574469079
0.03672347818865746 -0.959718662794172
0.03712942894316992 0.4059507545124616
0.0349709172148855 -2.158511728284428
0.03406550692551066 -0.9054102893748389
0.03353724809472024 -0.5282588307904124
0.03272690954958496 -0.8103385451352848
0.03159613810605327 -1.130771443531686
0.03106870842827801 -0.527429677775259
0.02989602106644865 -1.172687361829364
0.03028004889937666 0.3840278329280133
0.02830737093646494 -1.972677962911729
0.02744800357310277 -0.85936736336217
0.02659457267932333 -0.8534308937794312
0.02574726555634354 -0.8473071229797985
0.02490522925757594 -0.8420362987675913
0.02406864298997739 -0.8365862675985581
0.02323677364944439 -0.8318693405329931
0.02170588712222321 -1.530886527221178
0.0209634782853902 -0.7424088368330125
0.02020411361199002 -0.7593646734001779
0.01936317385091357 -0.8409397610764576
0.01785093868839517 -1.512235162518395
0.01699965015777902 -0.8512885306161538
0.01595436643869421 -1.045283719084803
0.0151043145289964 -0.8500519096978181
0.01386460502355739 -1.239709505439003
0.0128032063738637 -1.061398649693691
0.0122798045662901 -0.5234018075736049
0.01090117628264164 -1.378628283648459
0.01082632308356467 -0.07485319907696991
0.01293323698509148 2.106913901526811
0.01708074309416478 4.147506109073303
0.01994789091220187 2.86714781803709
0.02165642842631688 1.708537514115007
0.02277929384982384 1.122865423506956
0.02327409557809668 0.4948017282728479
0.02295995084938864 -0.3141447287080476
0.02381054076718423 0.8505899177955952
0.02446889602779592 0.6583552606116913
0.02462500341536537 0.1561073875694444
0.02462807168748082 0.003068272115453602
0.02452398432098975 -0.1040873664910728
0.024481201212399 -0.04278310859075207
0.02451529485731776 0.03409364491876316
0.02456225444034263 0.04695958302486716
0.02450448429206723 -0.05777014827539756
0.02436063576820508 -0.1438485238621466
0.02427965612888057 -0.08097963932451185
0.0243326003139815 0.05294418510093032
0.0243332756900251 0.0006753760436045697
0.02419328541479974 -0.1399902752253629
0.0241668306971722 -0.02645471762754634
0.02420940536012949 0.04257466295729331
0.02405235982324106 -0.157045536888431
0.0240829466229972 0.03058679975614584
0.02392690494000458 -0.1560416829926199
0.02393417032134994 0.007265381345353955
0.02389678326566898 -0.09323609671069502
0 0
0 0
0 0
