0.03655032150324279 -0.7656587528159855
0.03156365256912308 -4.492932805610236
0.0322068930573917 0.6432404882686162
0.0366092094307439 4.402316373352207
0.03702176904064022 0.4125596098963139
0.04164973186967381 4.627962829033591
0.05535257455084783 13.70284268117402
0.06421227104103226 8.859696490184435
0.08992203732933655 25.70976628830429
0.09695685912769282 7.034821798356266
0.1043420875783967 7.385228450703857
0.1119956364763397 7.653548897943021
0.1454297822475337 33.43414577119403
0.1502976373019467 4.867855054412979
0.1797601242413122 29.46248693936554
0.172848931479682 -6.911192761630241
0.2092902693813279 36.44133790164586
0.1905676983802619 -18.72257100106592
0.2220920770761455 31.52437869588356
0.1680999076747873 -53.99216940135818
0.1768385963926876 8.738688717900262
0.1584662717299068 -18.37232466278074
0.1689506011650091 10.48432943510222
0.1544242751575984 -14.52632600741069
0.196865673444022 42.4413982864236
0.1518831165612008 -44.98255688282116
0.1634046711670812 11.52155460588039
0.1755463928890566 12.14172172197539
0.1482460617114271 -27.30033117762951
0.1591954549544712 10.94939324304409
0.1707705705468839 11.57511559241267
0.1478233113941083 -22.94725915277554
0.1473940535212902 -0.429257872818084
0.1680241614149614 20.6301078936712
0.1546321058045298 -13.39205561043161
0.1435188042810391 -11.11330152349069
0.1693725771764522 25.85377289541304
0.1458085433959331 -23.56403378051908
0.1346659989517986 -11.14254444413445
0.1305511256596478 -4.114873292150822
0.131951024606749 1.39989894710113
0.1351329866302624 3.181962023513452
0.123103359275719 -12.02962735454341
0.117368473481433 -5.734885794286021
0.1111977024365823 -6.170771044850656
0.1058189622260291 -5.378740210553221
0.1003157953718926 -5.503166854136543
0.09330323582095203 -7.012559550940531
0.09105028302831972 -2.25295279263231
0.08856903944827829 -2.481243580041426
0.08425049723927654 -4.318542209001755
0.08401737634100784 -0.2331208982686989
0.08248621176050124 -1.531164580506603
0.081460159312662 -1.026052447839237
0.08049354441074237 -0.9666149019196268
0.08088238856387353 0.3888441531311598
0.08285577178707589 1.973383223202354
0.08452102984912777 1.66525806205188
0.08111131086740155 -3.40971898172622
0.08811383519957758 7.002524332176033
0.08325590905823027 -4.857926141347307
0.09300473376182508 9.74882470359481
0.09583516239944202 2.830428637616941
0.09632608959573928 0.4909271962972583
0.09882085047646569 2.494760880726407
0.1041343190184275 5.313468541961824
0.09445595242509397 -9.678366593333543
0.1086291081586533 14.17315573355933
0.1109651838099855 2.33607565133219
0.1107205575213649 -0.2446262886205974
0.1115766357316338 0.8560782102689374
0.1172461617987844 5.669526067150557
0.1136512678973821 -3.59489390140226
0.1185761306459061 4.924862748524009
0.113475117906623 -5.10101273928315
0.1258755835428797 12.40046563625671
0.1285557475012517 2.680163958372034
0.1314072225570984 2.85147505584668
0.1280266954679048 -3.380527089193563
0.1371738694828707 9.147174014965897
0.1322214279509216 -4.952441531949125
0.14381588410207 11.59445615114837
0.1439980253856443 0.1821412835742997
0.1382243578836833 -5.773667501960955
0.1505691152776752 12.34475739399191
0.1580044915558162 7.435376278140948
0.158422097906269 0.417606350452765
0.1658019305380902 7.379832631821237
0.1659658815210118 0.1639509829215735
0.1741398983532126 8.174016832200786
0.1744009852549055 0.2610869016929918
0.1596510762845529 -14.74990897035267
0.1810981842887678 21.44710800421487
0.1900124935080952 8.914309219327482
0.1944061877938473 4.393694285752065
0.1890276069919258 -5.378580801921551
0.197951181146307 8.923574154381248
0.2069203906167628 8.969209470455819
0.2114442411666364 4.523850549873587
0.2045562797118012 -6.887961454835195
0.2145175752924894 9.961295580688173
0.2109137283137052 -3.603846978784214
0.2172103030924852 6.296574778780012
0.2330773155942245 15.86701250173927
0.2325456627331323 -0.5316528610921079
0.2423387792049598 9.793116471827428
0.2473593322435274 5.02055303856766
0.2524551824859298 5.095850242402361
0.2439006278894528 -8.554554596476999
0.2487942744441231 4.893646554670338
0.2602154444432679 11.4211699991448
0.2559140125389704 -4.301431904297492
0.2769590284974702 21.04501595849978
0.2759045680291864 -1.05446046828378
0.2874208063904994 11.51623836131299
0.2864071239920375 -1.01368239846189
0.2827126740372147 -3.694449954822876
0.2962390853736122 13.52641133639748
0.3012350988866909 4.996013513078712
0.3148971798823641 13.66208099567323
0.3125938652111375 -2.303314671226575
0.2993141902219415 -13.27967498919602
0.3322748722916826 32.96068206974112
0.338788842647563 6.51397035588036
0.3163344710268806 -22.45437162068237
0.3510556090330599 34.72113800617932
0.3580055867103096 6.949977677249641
0.3458837631466863 -12.12182356362323
0.3714719408972779 25.58817775059152
0.3687035088340457 -2.768432063232129
0.3765158573441488 7.812348510103095
0.3822233716638087 5.707514319659823
0.390885762654716 8.662390990907376
0.3750293372284558 -15.8564254262602
0.4157695438299043 40.74020660144845
0.4243654426511001 8.595898821195824
0.420923579375544 -3.441863275556123
0.441291705986979 20.36812661143506
0.4504929052340923 9.201199247113268
0.4053358743470006 -45.15703088709166
0.4671543640848337 61.81848973783305
0.4352367063604241 -31.91765772440958
0.4851253975357613 49.88869117533723
0.4947056065013798 9.580208965618509
0.5037879861213763 9.082379619996471
0.4844898508960641 -19.29813522531221
0.5055450721666688 21.05522127060466
0.511797262504315 6.252190337646235
0.5166258309890207 4.828568484705698
0.5070594483132815 -9.56638267573917
0.5408671224098606 33.80767409657903
0.5171520450629472 -23.71507734691336
0.5501890533159169 33.03700825296973
0.5548375574929858 4.648504177068857
0.5452537431696451 -9.583814323340656
0.548732327344797 3.4785841751519
0.5540423526710044 5.31002532620739
0.504079179927857 -49.96317274314743
0.5760817725793184 72.00259265146136
0.5809380954840945 4.856322904776111
0.5858570151200995 4.918919636004992
0.5587806644249067 -27.07635069519276
0.5954891355077858 36.70847108287911
0.5861454660480859 -9.343669459699887
0.5891214095848479 2.975943536762005
0.5947691089415407 5.647699356692737
0.5613705768913414 -33.39853205019927
0.6184194563887149 57.04887949737347
0.6233754036830441 4.955947294329244
0.5957460613045471 -27.62934237849701
0.6327824445151203 37.03638321057323
0.620981246859503 -11.80119765561738
0.6422297006093459 21.24845374984297
0.6115224282586151 -30.70727235073079
0.6156824302173659 4.16000195875077
0.6387865453063987 23.10411508903276
0.6232135359669263 -15.57300933947237
0.6630286645738247 39.8151286068984
0.6674350994556635 4.406434881838783
0.6717595452995685 4.324445843905012
0.6759995730099666 4.240027710398109
0.6638381540396043 -12.16141897036227
0.5750873271812236 -88.75082685838076
0.6697874134413255 94.70008626010195
0.690804841548433 21.0174281071075
0.6765020513358558 -14.30279021257719
0.6982497224315255 21.74767109566966
0.6848944155415042 -13.35530689002129
0.7053143368930131 20.41992135150894
0.7087447365301789 3.430399637165737
0.7119538479897567 3.209111459577807
0.602481859695156 -109.4719882946007
0.6985630972728244 96.0812375776684
0.7016916549919464 3.128557719122016
0.7031018262468731 1.410171254926706
0.7241604489245612 21.0586226776881
0.7266556670403173 2.495218115756037
0.7290555215679713 2.399854527654011
0.7134878024552924 -15.56771911267885
0.6736800495211516 -39.80775293414085
0.6958563609175428 22.1763113963912
0.7369872181429676 41.13085722542487
0.7208773611094461 -16.10985703352152
0.7217316098269824 0.8542487175362545
0.7421375325030074 20.40592267602504
0.7060759130938044 -36.06161940920305
0.7450074758245271 38.93156273072273
0.7085378715408271 -36.46960428369994
0.7289418498717194 20.40397833089225
0.7290030206150665 0.06117074334710537
0.7485821848900768 19.57916427501027
0.7310720916192062 -17.51009327087061
0.7313972058180627 0.3251141988565021
0.710773382039773 -20.62382377828964
0.7482174113008946 37.44402926112156
0.7474595761090873 -0.7578351918072768
0.7097220835312625 -37.73749257782477
0.7274932755886243 17.77119205736177
0.706069967246962 -21.42330834166228
0.7424960251884415 36.42605794147946
0.7232533673723266 -19.24265781611489
0.7384035011510479 15.15013377872132
0.6999514319701263 -38.45206918092159
0.7335607707346018 33.60933876447547
0.6737544835941768 -59.80628714042502
0.7282607912436697 54.50630764949293
0.7078726366673603 -20.38815457630938
0.7052621350153644 -2.610501651995945
0.7014664287534482 -3.795706261916165
0.7151584500363901 13.69202128294189
0.6938254354665843 -21.33301456980585
0.6901820894886943 -3.643345977889956
0.6484421938306368 -41.73989565805747
0.6977048217691872 49.26262793855041
0.6752581240218427 -22.44669774734453
0.6702066523618311 -5.051471660011631
0.6638769440587613 -6.329708303069781
0.6594782504740133 -4.398693584747981
0.6713836473519121 11.90539687789882
0.6664939958198135 -4.889651532098638
0.661790999069413 -4.702996750400534
0.6055030891520294 -56.28790991738352
0.6014131040598825 -4.089985092146975
0.6338472791515929 32.43417509171043
0.6455191104906561 11.67183133906324
0.6407683121948262 -4.750798295829917
0.6208782898413837 -19.8900223534425
0.630208245205364 9.329955363980291
0.6082207198855348 -21.98752531982917
0.5700119731381165 -38.20874674741837
0.5974834326434055 27.47145950528907
0.6046451847920081 7.161752148602596
0.5684543338185883 -36.19085097341978
0.5918503412229 23.39600740431169
0.5697781462152873 -22.07219500761271
0.5652939657432587 -4.484180472028587
0.5729209801862762 7.627014443017499
0.5227623085078438 -50.15867167843246
0.5617050371892516 38.9427286814078
0.5432541193799297 -18.45091780932184
0.5213192782242796 -21.93484115565014
0.5442266325413162 22.90735431703661
0.5373189995161676 -6.90763302514863
0.5188116965833142 -18.50730293285341
0.4981880164727926 -20.62368011052157
0.5160096543098762 17.82163783708362
0.4679492490938247 -48.06040521605154
0.5012379011673895 33.28865207356485
0.4825963515692094 -18.6415495981801
0.4747121189523931 -7.884232616816311
0.4794587430092287 4.746624056835624
0.4610731471493035 -18.38559585992522
0.4530229800254258 -8.050167123877683
0.4382765113610992 -14.74646866432661
0.4319442003542285 -6.332311006870761
0.4469293233744454 14.98512302021687
0.4401065380485178 -6.822785325927505
0.4330755516647247 -7.030986383793125
0.3930068975164713 -40.06865414825339
0.4099665513085757 16.95965379210434
0.4112211801985923 1.254628890016651
0.4022123408700383 -9.008839328554007
0.3545276514444369 -47.68468942560139
0.3853720316685114 30.84438022407448
0.364508637076967 -20.86339459154446
0.3639627364185187 -0.5459006584482839
0.3264587978779111 -37.50393854060757
0.3414824150931511 15.02361721524004
0.3213026559446858 -20.17975914846532
0.3137363732695836 -7.566282675102231
0.2806784263330693 -33.05794693651426
0.2781282911674192 -2.550135165650114
0.2699362224762765 -8.192068691142751
0.2522898558932049 -17.64636658307156
0.2239793811292669 -28.31047476393805
0.2186842782805325 -5.295102848734384
0.1949124044878122 -23.77187379272028
0.171506911632624 -23.40549285518814
0.1609062413359498 -10.60067029667425
0.1432398901021557 -17.66635123379412
0.124920648701508 -18.31924140064772
0.1123746130262141 -12.5460356752939
0.09688266153690911 -15.49195148930495
0.08787313941866776 -9.009522118241353
0.06820943491523396 -19.6637045034338
0.06389656635243646 -4.3128685627975
0.05525738348185264 -8.639182870583815
0.04774193175609388 -7.515451725758765
0.04356300088171745 -4.178930874376429
0.03594244417285836 -7.62055670885909
0.03043622622135107 -5.50621795150729
0.02637443265471477 -4.061793566636294
0.02003173488311449 -6.342697771600278
0.01820957963720184 -1.82215524591265
0.01722496083063806 -0.9846188065637841
0.009690829134083546 -7.534131696554513
0.008447414153382604 -1.243414980700942
0.00797559755579999 -0.4718165975826135
0.006765692477404392 -1.209905078395598
0.00570244323345655 -1.063249243947842
0.004910478263099966 -0.7919649703565842
0.003907184125271494 -1.003294137828472
0.003077116370909537 -0.8300677543619573
0.002073265649064738 -1.003850721844799
0.001048920910530558 -1.02434473853418
0.0007223820136482806 -0.3265388968822773
0.0002897037088673716 -0.432678304780909
0.0003873254971386461 0.09762178827127448
0.0004151962322669457 0.02787073512829969
0.0003166422528740585 -0.09855397939288729
0.0002862779872422443 -0.03036426563181419
0.0002446062501303418 -0.04167173711190245
0.0002166316581502998 -0.02797459198004205
0.0001547838574457728 -0.06184780070452698
4.438416580788199e-05 -0.1103996916378908
1.480055736585608e-05 -0.02958360844202591
0 -0.01480055736585608
0 0
0 0
0 0
0 0
0 0
0 0
0 0
0 0
0 0
0 0
0 0
0 0
0 0
0 0
0 0
0 0
0 0
0 0
0 0
0 0
0 0
0 0
0 0
0 0
0 0
0 0
0 0
0 0
0 0
0 0
0 0
0 0
0 0
0 0
0 0
0 0
0 0
0 0
0 0
0 0
0 0
0 0
0 0
0 0
0 0
0 0
0 0
0 0
0 0
0 0
0 0
0 0
0 0
0 0
0 0
0 0
0 0
0 0
0 0
0 0
0 0
0 0
0 0
0 0
0 0
0 0
0 0
0 0
0 0
0 0
0 0
0 0
0 0
0 0
0 0
0 0
0 0
0 0
0 0
0 0
0 0
0 0
0 0
4.243610903991952e-07 0.0004243610903991952
2.189735816391804e-05 0.02147299707351884
0.0001601632151971063 0.1382658570331882
0.0003971169669426682 0.2369537517455619
0.0007521579706075783 0.35504100366491
0.001101918911588593 0.3497609409810151
0.001590051602075598 0.4881326904870042
0.001957202232986374 0.3671506309107764
0.002330044899594106 0.3728426666077321
0.003023836365696393 0.693791466102287
0.003379979836583268 0.3561434708868748
0.004035338117534436 0.6553582809511685
0.004482109915071971 0.4467717975375346
0.005068464319440425 0.5863544043684535
0.005670930954276411 0.6024666348359862
0.006332527531312533 0.6615965770361224
0.007017110418512836 0.6845828872003024
0.007901551319238028 0.8844409007251925
0.008836015636397141 0.9344643171591126
0.00937438934535231 0.5383737089551689
0.01048827075205983 1.113881406707521
0.01161983845378177 1.131567701721936
0.0128262369939542 1.206398540172434
0.01408812641700074 1.261889423046539
0.01511607544491904 1.027949027918298
0.01671669342109565 1.600617976176615
0.01772172429402121 1.005030872925559
0.01882161540383766 1.099891109816446
0.02069577811790585 1.874162714068189
0.02243180414350245 1.736026025596606
0.02430211370528448 1.870309561782024
0.02559730413749929 1.295190432214818
0.0275632500917087 1.96594595420941
0.02951779301456708 1.954542922858373
0.03135955082142582 1.841757806858739
0.0334210272874897 2.061476466063888
0.036626915499574 3.205888212084298
0.03747550325029631 0.8485877507223085
0.03933942131547224 1.863918065175933
0.04163503425979886 2.295612944326619
0.04339941443599788 1.764380176199017
0.04547638447028613 2.07697003428825
0.0467636631832584 1.287278712972267
0.04848470328500303 1.721040101744634
0.04972678368759664 1.242080402593611
0.05095587269756505 1.229089009968411
0.05210296580424512 1.147093106680062
0.0526729828620577 0.5700170578125802
0.05334257473064745 0.6695918685897528
0.05338507819582761 0.04250346518016451
0.05263377746720492 -0.7513007286226933
0.04983779281786497 -2.795984649339951
0.04355234997996539 -6.285442837899578
0.04055071381576888 -3.001636164196512
0.03408660469679502 -6.464109118973854
0.03174022956547369 -2.346375131321333
0.0321132888738512 0.3730593083775061
0.03643091118970867 4.317622315857472
0.04130987422602411 4.878963036315444
0.04482240572553894 3.512531499514825
0.04232416531816519 -2.498240407373745
0.03621287677011618 -6.111288548049015
0.03437017117911076 -1.842705591005418
0.03962291206749172 5.252740888380957
0.04369488954822338 4.071977480731667
0.04154232379952545 -2.152565748697932
0.03574419674702781 -5.798127052497638
0.0393008091276905 3.556612380662683
0.04418547099951794 4.884661871827442
0.03650336544261562 -7.682105556902317
0.03923711544334458 2.733750000728958
0.04245442614736269 3.217310704018116
0.03709419185981345 -5.360234287549247
0.04465830878194938 7.564116922135932
0.03654006987089059 -6.236923316191939
0.04454070502661008 8.000635155719484
0.0369803912597681 -7.560313766841971
0.03744768829378424 -3.205581771137195
0.04164748526136763 4.199796967583394
0.03731598025605878 -4.331505005308856
