-4.57989085140792e-16 -4.57989085140792e-13
-0.02118893412917586 -21.1889341291754
-0.03322177839416485 -12.03284426498899
-0.01609648150050637 17.12529689365848
0.02372561408410548 39.82209558461184
0.0811182032286213 57.39258914451582
0.1455614366468845 64.4432334182632
0.207081717868642 61.52028122175748
0.2481614511019993 41.07973323335728
0.2720322157689011 23.87076466690186
0.2888940812881054 16.86186551920427
0.2996524491713174 10.75836788321199
0.402146652317561 102.4942031462436
0.5168807902582766 114.7341379407156
0.6186600736962896 101.779283438013
0.717264304060472 98.60423036418241
0.7521805952696108 34.91629120913875
0.7877335888140634 35.55299354445263
0.7540606467278241 -33.67294208623927
0.7339789882427821 -20.08165848504206
0.6763010471807436 -57.67794106203849
0.6023024967478043 -73.99855043293924
0.5169543780579506 -85.34811868985371
0.429768035589249 -87.18634246870165
0.3650687540703434 -64.69928151890558
0.2951582943035223 -69.91045976682109
0.2376861662847223 -57.47212801879997
0.2083479540561077 -29.3382122286146
0.1939811777827593 -14.36677627334842
0.1917009941909485 -2.280183591810786
0.2002136984233908 8.512704232442298
0.2227061278781115 22.49242945472071
0.2506976058867688 27.99147800865728
0.2792225353233813 28.5249294366125
0.3169264908454517 37.70395552207039
0.3582336170829377 41.30712623748595
0.3927080790485078 34.47446196557014
0.4370861059835007 44.37802693499293
0.4764911706744669 39.40506469096622
0.5108661034928264 34.3749328183594
0.5325075443041215 21.64144081129515
0.5535482499275322 21.04070562341065
0.5675771232523489 14.02887332481673
0.5693495058416831 1.772382589334209
0.5669200771380254 -2.429428703657699
0.5563839967173486 -10.53608042067677
0.5378424653434001 -18.54153137394854
0.5120313394339853 -25.81112590941481
0.4846639377613263 -27.367401672659
0.4578624801780893 -26.80145758323699
0.4239253734283919 -33.93710674969741
0.3926453936284702 -31.27997979992164
0.3584927231653978 -34.15267046307241
0.3319325844026275 -26.5601387627703
0.3141392239902703 -17.79336041235724
0.2879149340006728 -26.22428998959747
0.26481668242765 -23.09825157302281
0.2434649444654871 -21.35173796216294
0.2410229339107808 -2.442010554706303
0.2090060397555919 -32.01689415518882
0.201905035670961 -7.101004084630907
0.1766780447237935 -25.22699094716751
0.1594201464077229 -17.25789831607058
0.1506782984699346 -8.741847937788345
0.1392677493245215 -11.41054914541306
0.1108358538308407 -28.43189549368086
0.1259600555027003 15.12420167185963
0.07898721279273677 -46.97284270996352
0.06240615548053879 -16.58105731219797
0.05330447500732804 -9.101680473210749
0.03442970350229093 -18.87477150503711
0.02026596057072021 -14.16374293157072
0.02809489596840616 7.828935397685949
0.002879991632386157 -25.21490433602001
0.005896104399556748 3.01611276717059
-0.02271246765550414 -28.60857205506089
-0.03120472866588932 -8.49226101038518
-0.03840486621140724 -7.200137545517925
-0.03467535753240062 3.729508679006621
-0.04903060971600274 -14.35525218360212
-0.04511371498241652 3.916894733586217
-0.05400395494454975 -8.890239962133228
-0.05336233238086782 0.6416225636819289
-0.04881309019603651 4.549242184831312
-0.05610226405093786 -7.289173854901347
-0.05845676945087849 -2.354505399940636
-0.05565532052560244 2.801448925276048
-0.05731118779955809 -1.655867273955648
-0.05280387656940176 4.507311230156331
-0.05494052537433833 -2.136648804936567
-0.05315727404663045 1.783251327707881
-0.04833117206316103 4.826101983469417
-0.04929319649919145 -0.9620244360304189
-0.04748703972495608 1.806156774235373
-0.04534436306960035 2.142676655355724
-0.04258678664523807 2.757576424362279
-0.04081198501295571 1.774801632282358
-0.03954268732595297 1.269297687002742
-0.03715799079835783 2.384696527595147
-0.03544750213904508 1.710488659312746
-0.03364808457114813 1.799417567896949
-0.03134642516980783 2.301659401340299
-0.02888891064031325 2.457514529494584
-0.02680619526211004 2.082715378203207
-0.02417992043299591 2.626274829114133
-0.02205372914156291 2.126191291432995
-0.01974655277272612 2.307176368836795
-0.01741484059599562 2.331712176730494
-0.01620416949927867 1.210671096716947
-0.01476229310170126 1.441876397577419
-0.01157833768615479 3.183955415546471
-0.009956052100863828 1.622285585290957
-0.007160390833542518 2.795661267321309
-0.00587047193229917 1.289918901243348
-0.003749152900940536 2.121319031358634
-0.002807996307886675 0.9411565930538607
-0.001745230301247516 1.06276600663916
-3.361980045069344e-05 1.711610500796822
0.0007195615456988289 0.7531813461495224
0.002381060999250815 1.661499453551986
0.002312866594395378 -0.06819440485543708
0.001585988553456156 -0.7268780409392215
0.003457027231007492 1.871038677551336
0.003409922669317332 -0.0471045616901606
0.001531459167737218 -1.878463501580114
0.002623900198993621 1.092441031256403
0.001843203657853603 -0.7806965411400182
-0.0003331573361409138 -2.176360993994516
-0.0002597107315945027 0.0734466045464111
-0.002661755051882961 -2.402044320288458
-0.003482389762489709 -0.8206347106067481
-0.004684724485820416 -1.202334723330707
-0.007066193591533789 -2.381469105713373
-0.009802526618138564 -2.736333026604775
-0.01066670868244425 -0.864182064305689
-0.01301722279756698 -2.35051411512273
-0.01542288568879705 -2.405662891230067
-0.01821186379758361 -2.788978108786555
-0.02000677417031709 -1.794910372733487
-0.02327009709904463 -3.263322928727538
-0.02419926354534893 -0.9291664463043047
-0.02602270298239551 -1.823439437046579
-0.02616598454258469 -0.1432815601891783
-0.02549955342026135 0.6664311223233444
-0.02371847906000922 1.781074360252124
-0.02258516047556187 1.133318584447353
-0.0192436146894919 3.341545786069971
-0.01653343466793273 2.710180021559171
-0.01433108997620935 2.202344691723375
-0.01287654107619793 1.454548900011421
-0.01056091696589472 2.315624110303216
-0.009660620724605169 0.9002962412895474
-0.008754323236463636 0.9062974881415328
-0.00916178677431944 -0.4074635378558036
-0.008762325262114103 0.3994615122053374
-0.008847594644743988 -0.08526938262988504
-0.009356482600903653 -0.5088879561596649
-0.01130763356459363 -1.951150963689979
-0.01075451529610047 0.55311826849316
-0.01204885397769248 -1.294338681592006
-0.01356202958989875 -1.513175612206269
-0.016508650919637 -2.946621329738256
-0.01695363809590976 -0.4449871762727576
-0.01964367390656068 -2.690035810650921
-0.02170680819222677 -2.063134285666086
-0.0242391824133078 -2.532374221081036
-0.02726121297429317 -3.022030560985364
-0.02962681775747045 -2.36560478317728
-0.03350649919046626 -3.879681432995809
-0.03777716597713859 -4.270666786672337
-0.04006732151111416 -2.290155533975567
-0.04414959215595372 -4.082270644839562
-0.04825092212143548 -4.101329965481757
-0.05209906815781632 -3.84814603638084
-0.05647436816439955 -4.375300006583233
-0.06162794858938691 -5.153580424987355
-0.06583225610983887 -4.204307520451956
-0.07112380247673333 -5.291546366894467
-0.07556762574307679 -4.44382326634346
-0.08080648039098023 -5.23885464790344
-0.08605343231006342 -5.246951919083184
-0.09148588735135287 -5.432455041289447
-0.09295825683398301 -1.472369482630145
-0.09971085853670333 -6.752601702720323
-0.1047404016554638 -5.029543118760499
-0.1086822606179543 -3.941858962490455
-0.1138215652797679 -5.139304661813574
-0.1185438029024475 -4.722237622679676
-0.1225611296317224 -4.017326729274837
-0.1223055638038548 0.2555658278675654
-0.1173919750942958 4.913588709559033
-0.1101022558937847 7.289719200511052
-0.09309212445189621 17.01013144188851
-0.07795134888918767 15.14077556270854
-0.06911759173056302 8.833757158624653
-0.06179087023175691 7.326721498806108
-0.06105126433075323 0.7396059010036787
-0.06077148903968943 0.279775291063801
-0.06333697964614429 -2.565490606454862
-0.06643852509300846 -3.101545446864168
-0.070579423710975 -4.140898617966543
-0.06627200631133853 4.307417399636471
-0.06483667198437079 1.435334326967741
-0.06296011937998376 1.87655260438703
-0.05683369182761377 6.126427552369994
-0.05292448244478166 3.909209382832103
-0.05182293905836834 1.101543386413328
-0.05199846744945013 -0.1755283910817931
-0.05371959436179573 -1.721126912345598
-0.05513945622038348 -1.419861858587751
-0.05681033739619811 -1.670881175814633
-0.05913948053092683 -2.32914313472872
-0.06060623034310884 -1.466749812182006
-0.06068075252312619 -0.07452218001735567
-0.06426804518333873 -3.587292660212536
-0.06610014192659996 -1.832096743261236
-0.06567261210967065 0.4275298169293118
-0.06896756333825503 -3.294951228584378
-0.06863247687578074 0.3350864624742933
-0.07399389401955277 -5.361417143772029
-0.07542007299711395 -1.426178977561185
-0.07876541882949104 -3.345345832377083
-0.07975919173187508 -0.9937729023840464
-0.08312482099565242 -3.365629263777342
-0.08248620853096657 0.638612464685856
-0.08707702087052295 -4.590812339556383
-0.08712740008809304 -0.05037921757009012
-0.08855355233414282 -1.426152246049778
-0.09165588025294762 -3.102327918804798
-0.09305695596256611 -1.40107570961849
-0.09384934967563754 -0.7923937130714376
-0.09463430130193187 -0.7849516262943279
-0.09464288430123383 -0.00858299930195372
-0.09633909139106075 -1.696207089826929
-0.09637079610190118 -0.0317047108404217
-0.09719870353254995 -0.8279074306487694
-0.09779863829453779 -0.5999347619878442
-0.09812999951809409 -0.3313612235563007
-0.09858815447809197 -0.4581549599978751
-0.09870597008515335 -0.1178156070613806
-0.09856221826609328 0.1437518190600673
-0.09811657229976635 0.4456459663269297
-0.09751081117918725 0.6057611205790986
-0.09753919497534129 -0.02838379615403841
-0.09682235117983912 0.7168437955021728
-0.09584110068894465 0.9812504908944669
-0.09486778319446343 0.9733174944812212
-0.09362651746324292 1.241265731220506
-0.09226239460185431 1.364122861388608
-0.09139138841120803 0.871006190646284
-0.09046632154381766 0.92506686739037
-0.08915228013394577 1.314041409871888
-0.08821527078767744 0.937009346268336
-0.08691119802592358 1.304072761753858
-0.08571151582144064 1.199682204482938
-0.08491066895520404 0.8008468662366042
-0.08340545807574803 1.505210879456001
-0.08287111662009654 0.5343414556514964
-0.08108938921408507 1.781727406011471
-0.07995854269005979 1.130846524025272
-0.07849301431351843 1.465528376541361
-0.07688878773587964 1.604226577638798
-0.07546818882069832 1.420598915181315
-0.07418030073762676 1.287888083071564
-0.07354384898693894 0.6364517506878137
-0.07175038990247504 1.793459084463905
-0.07170838108767912 0.04200881479592133
-0.06979390913771091 1.914471949968202
-0.06914707645295591 0.6468326847550027
-0.06818820722708822 0.9588692258676867
-0.06706100648954601 1.127200737542217
-0.06642365836278334 0.6373481267626657
-0.06544296153236762 0.9806968304157254
-0.0649702644596042 0.4726970727634144
-0.06464323180156593 0.3270326580382676
-0.063184621976729 1.458609824836934
-0.06238355515330403 0.8010668234249702
-0.0616197174928118 0.7638376604922337
-0.06140433772729251 0.2153797655192885
-0.06051456284423469 0.8897748830578173
-0.05834614691356831 2.168415930666384
-0.05695225176718342 2.1415751193277
-0.05703732589262751 -0.08507412544409704
-0.04857004126749127 8.467284625136246
-0.03813551164257874 10.43452962491253
-0.02630255217077453 11.8329594718042
-0.0159013153426887 10.40123682808584
-0.006299884795891969 9.601430546796728
0.008984827450390559 15.28471224628253
0.02074128350185123 11.75645605146067
0.02005404949581141 -0.6872340060398198
0.03436211399241364 14.30806449660222
0.04509500154723452 10.73288755482088
0.04876880462658539 3.673803079350876
0.06538862948291581 16.61982485633041
0.07208645400331018 6.697824520394371
0.07364664007374085 1.560186070430666
0.07563446899733794 1.987828923597099
0.07900846864926957 3.373999651931622
0.02886321415798367 -50.1452544912859
0.007930429564932086 -20.93278459305158
0.009286418358919777 1.35598879398769
0.005017818626804281 -4.268599732115496
0.009513421235296188 4.495602608491907
0.01145497135747386 1.941550122177669
0.01216293961406186 0.7079682565879989
0.01149370756276636 -0.6692320512954961
0.01429476945733382 2.801061894567464
0.004386326669048383 -9.90844278828544
3.960934837817536e-14 -4.386326669008774
3.939504359854448e-36 -3.960934837817536e-11
8.174348102272507e-58 -3.939504359854448e-33
4.607398368245775e-79 -8.174348102272507e-55
1.15455756125935e-89 -4.607398368130319e-76
5.775033091200672e-111 -1.15455756125935e-86
3.649654300617014e-132 -5.775033091200672e-108
3.082491665269244e-153 -3.649654300617014e-129
1.963578194632586e-168 -3.082491665269241e-150
5.552199545087557e-178 -1.963578194077366e-165
1.61341546393024e-187 -5.552199543474142e-175
1.284562279804416e-195 -1.613415451084617e-184
1.159462273793246e-201 -1.284561120342142e-192
3.58119373149835e-206 -1.159426461855932e-198
2.675994741679455e-208 -3.554433784081556e-203
2.44123827660372e-211 -2.673553503402851e-205
7.05579676338027e-214 -2.43418247984034e-208
1.001419279745729e-215 -6.955654835405697e-211
4.103757718224423e-217 -9.603817025634851e-213
3.660132004306176e-218 -3.737744517793805e-214
4.37996336023271e-219 -3.222135668282905e-215
1.100156331414098e-219 -3.279807028818613e-216
2.510669247630544e-220 -8.490894066510432e-217
1.145323390835372e-220 -1.365345856795171e-217
6.393379976916645e-221 -5.059853931437078e-218
2.701812688967541e-221 -3.691567287949104e-218
1.415171313367414e-221 -1.286641375600127e-218
8.089492482961809e-222 -6.062220650712329e-219
6.011519899737079e-222 -2.07797258322473e-219
3.159930958537021e-222 -2.851588941200058e-219
2.342733774913811e-222 -8.171971836232106e-220
1.789703333578225e-222 -5.530304413355853e-220
1.001398459937797e-222 -7.883048736404284e-220
7.595620712505384e-223 -2.418363886872585e-220
4.799692244651797e-223 -2.795928467853587e-220
3.760845228285158e-223 -1.038847016366639e-220
2.906663181041894e-223 -8.541820472432636e-221
2.025527989384732e-223 -8.811351916571623e-221
1.380354924696183e-223 -6.451730646885491e-221
8.402157635516071e-224 -5.401391611445756e-221
6.907080747258619e-224 -1.495076888257452e-221
3.683682929267645e-224 -3.223397817990973e-221
2.40392584913692e-224 -1.279757080130726e-221
1.962558243517647e-224 -4.413676056192728e-222
9.916126835432737e-225 -9.709455599743731e-222
7.137750713192516e-225 -2.778376122240222e-222
4.606265216502065e-225 -2.531485496690451e-222
2.455864467041769e-225 -2.150400749460296e-222
1.309336217899841e-225 -1.146528249141928e-222
3.009917558226624e-226 -1.008344462077179e-222
-1.251005383048878e-226 -4.260922941275502e-223
-3.464193890228417e-226 -2.213188507179539e-223
-4.657525655005813e-226 -1.193331764777396e-223
-4.615411677298914e-226 4.211397770689931e-225
-4.442880733459769e-226 1.725309438391454e-224
-4.38227584769535e-226 6.060488576441889e-225
-4.633760297682833e-226 -2.514844499874832e-224
-3.111944964735036e-226 1.521815332947797e-223
-2.808840548698149e-226 3.031044160368863e-224
-2.137394183660131e-226 6.714463650380181e-224
-1.735105853025518e-226 4.022883306346138e-224
-1.532257394051816e-226 2.028484589737011e-224
-1.111160076607785e-226 4.210973174440313e-224
-8.685238136628898e-227 2.426362629448954e-224
-8.130615803763465e-227 5.546223328654337e-225
-7.497607464678682e-227 6.33008339084783e-225
-4.390667939915749e-227 3.106939524762933e-224
-3.427051493457899e-227 9.636164464578495e-225
-2.596406603143847e-227 8.306448903140526e-225
-1.960678752443909e-227 6.357278506999374e-225
-1.477447102082538e-227 4.83231650361371e-225
-1.211552689162953e-227 2.658944129195847e-225
-8.237456769454937e-228 3.878070122174598e-225
-9.166865616048588e-228 -9.294088465936516e-226
-5.366456307736438e-228 3.80040930831215e-225
-4.012692450982732e-228 1.353763856753706e-225
-2.974282166027596e-228 1.038410284955136e-225
-2.194797995223563e-228 7.794841708040331e-226
-1.585337437019337e-228 6.094605582042259e-226
-1.222286725231389e-228 3.63050711787948e-226
-1.105293916072652e-228 1.169928091587368e-226
-8.422901484184111e-229 2.63003767654241e-226
-5.571019254903264e-229 2.851882229280847e-226
-4.17787146233875e-229 1.393147792564513e-226
-2.62943932278542e-229 1.54843213955333e-226
-2.408277046276015e-229 2.211622765094052e-227
-1.722799489685881e-229 6.854775565901339e-227
-1.292997963872747e-229 4.29801525813134e-227
-7.147439102854983e-230 5.782540535872489e-227
-4.496650146714931e-230 2.650788956140052e-227
-2.414463520145207e-230 2.082186626569724e-227
-2.958474116456161e-230 -5.440105963109542e-228
-4.281626743989153e-230 -1.323152627532991e-227
-6.596273271581095e-230 -2.314646527591942e-227
-9.306093219082841e-230 -2.709819947501746e-227
-1.169065561834573e-229 -2.384562399262891e-227
-1.377885930232103e-229 -2.088203683975301e-227
-1.470975352691523e-229 -9.308942245941981e-228
-1.277245874035147e-229 1.937294786563764e-227
-1.314641956214779e-229 -3.739608217963232e-228
-1.263286512548328e-229 5.135544366645121e-228
-1.013467986461683e-229 2.498185260866446e-227
-8.270186600925689e-230 1.864493263691143e-227
-5.146590049312909e-230 3.12359655161278e-227
-1.485970777405599e-230 3.66061927190731e-227
3.319086740375058e-230 4.805057517780657e-227
2.945027654542571e-230 -3.740590858324867e-228
1.258124974543968e-229 9.636222090897108e-227
1.356624322217864e-229 9.849934767389579e-228
2.306902725794397e-229 9.502784035765337e-227
3.233958183655725e-229 9.270554578613278e-227
4.585358815058936e-229 1.35140063140321e-226
5.933832144786058e-229 1.348473329727123e-226
7.362458914823967e-229 1.428626770037909e-226
7.445917049264755e-229 8.345813444078811e-228
9.663293857493548e-229 2.217376808228793e-226
1.02929634663704e-228 6.296696088768546e-227
8.446157413093693e-229 -1.84680605327671e-226
9.963308619058494e-229 1.517151205964802e-226
8.99605981400435e-229 -9.672488050541442e-227
8.514868782053647e-229 -4.81191031950703e-227
7.540862912793647e-229 -9.740058692600004e-227
6.847773545569608e-229 -6.930893672240392e-227
5.984577260755469e-229 -8.631962848141385e-227
5.844409559497907e-229 -1.401677012575618e-227
5.843152947482265e-229 -1.256612015641993e-229
5.984117259481287e-229 1.409643119990215e-227
6.053468385093537e-229 6.935112561224979e-228
7.160310958903664e-229 1.106842573810128e-226
7.566440730869881e-229 4.061297719662171e-227
8.528054385260919e-229 9.616136543910376e-227
9.500783245139562e-229 9.727288598786435e-227
1.068235698274159e-228 1.181573737602026e-226
1.208136552640559e-228 1.399008543663999e-226
1.392241117969711e-228 1.84104565329152e-226
1.562032839579783e-228 1.69791721610072e-226
1.770740639304095e-228 2.087077997243123e-226
2.036219262798941e-228 2.654786234948464e-226
2.296505154659953e-228 2.602858918610116e-226
2.433732381218518e-228 1.372272265585648e-226
2.93265069579222e-228 4.989183145737024e-226
3.347960362069505e-228 4.153096662772851e-226
3.808625480113836e-228 4.606651180443306e-226
4.315465715638504e-228 5.06840235524668e-226
4.870181001385014e-228 5.547152857465099e-226
5.472486182006577e-228 6.023051806215625e-226
6.118992901213326e-228 6.465067192067491e-226
7.281142373642383e-228 1.162149472429058e-225
7.910937781804348e-228 6.297954081619644e-226
8.71479935933561e-228 8.03861577531262e-226
9.556453258218489e-228 8.416538988828794e-226
1.111464839964965e-227 1.558195141431157e-225
1.206243045648726e-227 9.477820568376141e-226
1.332050471872681e-227 1.258074262239548e-225
1.434577671708061e-227 1.025271998353806e-225
1.583208494871037e-227 1.48630823162976e-225
1.71897376952303e-227 1.357652746519924e-225
1.782634949185802e-227 6.366117966277164e-226
1.926544094770135e-227 1.43909145584333e-225
1.792047267311282e-227 -1.344968274588525e-225
1.285548586077944e-227 -5.064986812333378e-225
7.129447221654302e-228 -5.72603863912514e-225
4.611751079645948e-228 -2.517696142008353e-225
2.444867725561731e-228 -2.166883354084218e-225
4.566229709117946e-229 -1.988244754649936e-225
-9.034510066377964e-230 -5.469680715755742e-226
1.557210753196588e-228 1.647555853860368e-225
2.81243133161595e-228 1.255220578419362e-225
4.798681517206957e-228 1.986250185591007e-225
5.289255504074258e-228 4.905739868673002e-226
3.406771333501941e-228 -1.882484170572317e-225
-2.928147949426133e-229 -3.699586128444555e-225
-1.872729673904558e-228 -1.579914878961945e-225
1.08895464456573e-228 2.961684318470289e-225
5.90642152066293e-228 4.817466876097199e-225
7.055867023248256e-228 1.149445502585326e-225
1.866734028951131e-228 -5.189132994297124e-225
-1.679025679994982e-228 -3.545759708946113e-225
3.584531705286456e-228 5.263557385281438e-225
7.811375179031261e-228 4.226843473744806e-225
1.471621145479713e-228 -6.339754033551549e-225
4.65901584018828e-229 -1.005719561460885e-225
6.861347167229532e-228 6.395445583210704e-225
-1.463957083249773e-229 -7.007742875554509e-225
5.205814379823802e-228 5.35221008814878e-225
-1.244179104762634e-230 -5.218256170871428e-225
1.797724068400086e-228 1.810165859447712e-225
1.15836146884562e-228 -2.900454801106588e-225
0 0
0 0
0 0
