0 0
0 0
0 0
0 0
0 0
0 0
0 0
0 0
0 0
0 0
0 0
0 0
0 0
0 0
0 0
0 0
0 0
0 0
0 0
0 0
0 0
0 0
0 0
0 0
0 0
0 0
0 0
0 0
0 0
0 0
0 0
0 0
0 0
0 0
0 0
0 0
0 0
0 0
0 0
0 0
0 0
0 0
0 0
0 0
0 0
0 0
0 0
0 0
0 0
0 0
0 0
0 0
0 0
0 0
0 0
0 0
0 0
0 0
0 0
0 0
0 0
0 0
0 0
0 0
0 0
0 0
0 0
0 0
0 0
0 0
0 0
0 0
0 0
0 0
0 0
0 0
0 0
0 0
0 0
0 0
0 0
0 0
0 0
0 0
0 0
0 0
0 0
0 0
0 0
0 0
0 0
0 0
0 0
0 0
0 0
0 0
0 0
0 0
0 0
0 0
0 0
0 0
0 0
0 0
0 0
0 0
0 0
0 0
0 0
0 0
0 0
0 0
0 0
0 0
0 0
0 0
0 0
0 0
0 0
0 0
0 0
0 0
0 0
0 0
0 0
0 0
0 0
0 0
0 0
0 0
0 0
0 0
0 0
0 0
0 0
0 0
0 0
0 0
0 0
0 0
0 0
0 0
0 0
0 0
0 0
0 0
0 0
0 0
0 0
0 0
0 0
0 0
0 0
0 0
0 0
0 0
0 0
0 0
0 0
0 0
0 0
0 0
0 0
0 0
0 0
0 0
5.747164702891333e-06 0.005747164702891334
0.000274939945984187 0.2691927812812956
0.0009383098318611921 0.6633698858770052
0.001832181755274494 0.8938719234133016
0.003153607473259643 1.32142571798515
0.00440558109460058 1.251973621340937
0.005573217168998835 1.167636074398255
0.006377550676885039 0.8043335078862035
0.007061386423846986 0.6838357469619469
0.00885909749737482 1.797711073527834
0.009475567821577956 0.6164703242031357
0.01079891135911865 1.323343537540694
0.01240772289562351 1.608811536504865
0.01366045666015971 1.252733764536192
0.01491241655865254 1.251959898492836
0.01593452015658873 1.02210359793619
0.01484104586238525 -1.093474294203482
0.01775822973746787 2.917183875082618
0.01950175237432899 1.743522636861117
0.01940188668402627 -0.09986569030271883
0.02183126948638528 2.42938280235901
0.02269565970105794 0.8643902146726612
0.02434212280492541 1.646463103867471
0.02560324079580756 1.26111799088215
0.02623571644263952 0.6324756468319599
0.02477627850983515 -1.459437932804369
0.02932360852996542 4.547330020130271
0.02924812958651657 -0.07547894344885411
0.03110143830815195 1.853308721635381
0.0329600274565951 1.858589148443151
0.03428345502194582 1.323427565350727
0.03571164076833244 1.428185746386611
0.03663141841367258 0.9197776453401459
0.03731639230555128 0.6849738918786943
0.03852813695125351 1.211744645702235
0.04108171406951042 2.553577118256905
0.04329191780780949 2.210203738299068
0.0443920554580876 1.10013765027811
0.04671618325604327 2.324127797955676
0.04774616364710534 1.029980391062064
0.04960295538614455 1.856791739039215
0.04992022107281301 0.3172656866684553
0.05228638620273204 2.36616512991903
0.05376022403144767 1.47383782871563
0.05514288607065972 1.38266203921205
0.05744965369976595 2.306767629106234
0.0584517440294707 1.002090329704754
0.05888227520696575 0.4305311774950443
0.06189547286244514 3.013197655479395
0.06341978553863378 1.52431267618864
0.0631567016936386 -0.2630838449951822
0.06548928552947569 2.332583835837093
0.06534311993488973 -0.1461655945859675
0.06886435108195009 3.521231147060364
0.06961434604002471 0.7499949580746235
0.07174698230832309 2.132636268298377
0.07235085479004791 0.6038724817248181
0.07448996239101174 2.139107600963835
0.07359644523042107 -0.8935171605906761
0.07722750349241869 3.631058261997624
0.07690789700241001 -0.3196064900086865
0.07836205113470347 1.454154132293467
0.08117820441220848 2.816153277505007
0.0826172997620308 1.439095349822325
0.08359590284793178 0.9786030859009753
0.08475565158931503 1.159748741383249
0.08499120096586581 0.2355493765507782
0.08802522152405337 3.034020558187564
0.08772046396984068 -0.3047575542126923
0.08997258113389853 2.252117164057848
0.09161597762908959 1.64339649519106
0.09277712003349722 1.161142404407636
0.09483495764486842 2.057837611371196
0.09628312610732914 1.448168462460722
0.09705235881279917 0.7692327054700243
0.09744577445404172 0.3934156412425532
0.09814135421508378 0.6955797610420644
0.1007642059149996 2.622851699915787
0.1028896567073095 2.125450792309969
0.1043254617455271 1.435805038217608
0.1050588249911114 0.7333632455842481
0.1070818636585408 2.02303866742945
0.1080614193778407 0.9795557192998072
0.1073717914232149 -0.6896279546257239
0.1094598045227221 2.088013099507207
0.112267521445424 2.807716922701819
0.1128424197093913 0.5748982639673245
0.1147316453792776 1.889225669886321
0.1156386606132383 0.9070152339607368
0.1166808282448867 1.042167631648327
0.1185602298503601 1.879401605473452
0.1174729420830647 -1.087287767295442
0.1201225720085903 2.649629925525574
0.1214410880372853 1.31851602869501
0.1220727110990582 0.6316230617729179
0.1243175812690948 2.244870170036633
0.1254684762624464 1.150894993351553
0.1264909765634671 1.022500301020746
0.1263421401565739 -0.1488364068932546
0.1286000254702716 2.257885313697721
0.1267991565290879 -1.800868941183725
0.1305007848266629 3.701628297575033
0.130957947488552 0.45716266188911
0.1318144788770884 0.8565313885364467
0.1333850585264137 1.570579649325304
0.1337981499666371 0.4130914402233898
0.1348696977070635 1.071547740426393
0.1354827037992904 0.6130060922269198
0.1347483671879945 -0.7343366112959882
0.1375387848602319 2.790417672237394
0.1383718121515561 0.8330272913242842
0.1391806662805844 0.808854129028258
0.1384461566766606 -0.7345096039237942
0.1401652968613436 1.719140184682971
0.1413355316513576 1.170234790014046
0.1405937711577185 0.5015686947880404
0.1393099040762916 -1.283867081426915
0.1410387705090385 1.728866432746917
0.1399938909909937 -1.0448795180448
0.1390227532897877 -0.9711377012060485
0.1373781261075408 -1.644627182246894
0.135659746918966 -1.718379188574759
0.1350402590890531 -0.6194878299129736
0.1335677403570476 -1.472518732005462
0.1325668081975089 -1.000932159538725
0.1309252508392089 -1.641557358299933
0.1291816664536776 -1.743584385531377
0.1276508031510286 -1.53086330264901
0.1246189603927054 -3.031842758323133
0.1218882019709696 -2.730758421735868
0.1185601920108802 -3.328009960089348
0.1100501631580155 -8.51002885286467
0.1017054071272225 -8.344756030793086
0.0878464442598442 -13.85896286737825
0.0785130204335711 -9.3334238262731
0.07459243421187581 -3.920586221695291
0.06640620360252039 -8.186230609355416
0.06708274676806944 0.6765431655490484
0.0612588281683542 -5.82391859971524
0.05696208878110585 -4.296739387248345
0.05320599988513742 -3.756088895968436
0.04845693669173442 -4.749063193403
0.04354182328074943 -4.915113410984988
0.03706909538970395 -6.472727891045484
0.03409056492410277 -2.978530465601176
0.02979364895642086 -4.296915967681912
0.02332622879165927 -6.467420164761588
0.02023913702646331 -3.087091765195959
0.01604862840870193 -4.190508617761386
0.01270444106473002 -3.344187343971909
0.00872105930603051 -3.983381758699507
0.005635402864842268 -3.085656441188242
0.004553984431121807 -1.08141843372046
0.01220290495011771 7.648920518995907
0.009199639938946227 -3.003265011171487
0.008135934374784813 -1.063705564161414
0.005891313868190924 -2.244620506593889
0.005305270991221019 -0.5860428769699049
0.00414176888713868 -1.163502104082339
0.001270654504620355 -2.871114382518325
0.0002036653693323157 -1.066989135288039
0 -0.2036653693323157
0 0
0 0
0 0
0 0
0 0
0 0
0 0
0 0
0 0
0 0
0 0
0 0
0 0
0 0
0 0
0 0
0 0
0 0
0 0
0 0
0 0
0 0
0 0
0 0
0 0
0 0
0 0
0 0
0 0
0 0
0 0
0 0
0 0
0 0
0 0
0 0
0 0
0 0
0 0
0 0
0 0
0 0
0 0
0 0
0 0
0 0
0 0
0 0
0 0
0 0
0 0
0 0
0 0
0 0
0 0
0 0
0 0
0 0
0 0
0 0
0 0
0 0
0 0
0 0
0 0
0 0
0 0
0 0
0 0
0 0
0 0
0 0
0 0
0 0
0 0
0 0
0 0
0 0
0 0
0 0
0 0
0 0
0 0
0 0
0 0
0 0
0 0
0 0
0 0
0 0
0 0
0 0
0 0
0 0
0 0
0 0
0 0
0 0
0 0
0 0
0 0
0 0
0 0
0 0
0 0
0 0
0 0
0 0
0 0
0 0
0 0
0 0
0 0
0 0
0 0
0 0
0 0
0 0
0 0
0 0
0 0
0 0
0 0
0 0
0 0
0 0
0 0
0 0
0 0
0 0
0 0
0 0
0 0
0 0
0 0
0 0
0 0
0 0
0 0
0 0
0 0
0 0
0 0
0 0
0 0
0 0
0 0
0 0
0 0
0 0
0 0
0 0
0 0
0 0
0 0
0 0
0 0
0 0
0 0
0 0
0 0
0 0
0 0
0 0
0 0
0 0
0 0
0 0
0 0
0 0
0 0
0 0
