0 0
0 0
0 0
0 0
0 0
0 0
0 0
0 0
0 0
0 0
0 0
0 0
0 0
0.0007717599424680926 0.7717599424680927
0.004402019163994858 3.630259221526765
0.007274074963163017 2.87205579916816
0.01316694734202313 5.892872378860109
0.0155559905708165 2.389043228793375
0.02377759592995981 8.221605359143311
0.02052561521721386 -3.251980712745957
0.02575119601520354 5.225580797989681
0.02504220985957256 -0.7089861556309786
0.02871885395744767 3.67664409787511
0.02554406028561481 -3.174793671832862
0.03454212583560102 8.998065549986212
0.02484607050364274 -9.696055331958279
0.02727007685776883 2.424006354126085
0.02995204461737392 2.681967759605095
0.02398728898391736 -5.96475563345656
0.02634376728271833 2.356478298800965
0.02892937004609566 2.585602763377333
0.02326381612156857 -5.665553924527087
0.02293718491026258 -0.3266312113059909
0.02786830212029972 4.931117210037143
0.02462118484468357 -3.247117275616155
0.02168362750459577 -2.937557340087795
0.0289940295601003 7.310402055504525
0.02278709786078541 -6.206931699314886
0.01979559838659287 -2.991499474192541
0.01900223469112449 -0.7933636954683826
0.02020217759798617 1.199942906861685
0.02182642881841551 1.624251220429335
0.01858199849559834 -3.244430322817165
0.0174683399015143 -1.113658594084042
0.01631436319020066 -1.153976711313637
0.01513102640817504 -1.18333678202562
0.01392819059975858 -1.20283580841646
0.01144274348582192 -2.485447113936667
0.01149535512048281 0.0526116346608943
0.01141798855744657 -0.07736656303624495
0.009119894642561006 -2.298093914885559
0.008451706873635247 -0.6681877689257587
0.0072387581682261 -1.212948705409147
0.005424477586597821 -1.814280581628279
0.00534991347791392 -0.07456410868390134
0.003598523474273604 -1.751390003640316
0.002134056452352254 -1.46446702192135
0.001017176244573192 -1.116880207779062
0 -1.017176244573192
0 0
0 0
0 0
0 0
0 0
0 0
0 0
0 0
0 0
0 0
0 0
0 0
0 0
0 0
0 0
0 0
0 0
0 0
0 0
0 0
0 0
0 0
0 0
0 0
0 0
0 0
0 0
0 0
0 0
0 0
0 0
0 0
0 0
0 0
0 0
0 0
0 0
0 0
0 0
0 0
0 0
0 0
0 0
0 0
0 0
0 0
0 0
0 0
0 0
0 0
0 0
0 0
0 0
0 0
0 0
0 0
0 0
0 0
0 0
0 0
0 0
0 0
0 0
0 0
0 0
0 0
0 0
0 0
0 0
0 0
0 0
0 0
0 0
0 0
0 0
0 0
0 0
0 0
0 0
0 0
0 0
0 0
0 0
0 0
0 0
0 0
0 0
0 0
0 0
0 0
0 0
0 0
0 0
0 0
0 0
0 0
0 0
0 0
0 0
0 0
0 0
0 0
0 0
0 0
0 0
0 0
2.636783720608004e-05 0.02636783720608004
0.000187593073268893 0.161225236062813
0.0005558482500906992 0.3682551768218061
0.001006652889755635 0.4508046396649357
0.002038535311187412 1.031882421431777
0.003152643854325704 1.114108543138292
0.004228193770721268 1.075549916395564
0.00552153911925118 1.293345348529912
0.006018784840018504 0.4972457207673238
0.007197189918037538 1.178405078019034
0.008758174617907434 1.560984699869896
0.009207764727047707 0.4495901091402729
0.01115231127079337 1.944546543745667
0.01241220632047846 1.259895049685083
0.01367023677030996 1.258030449831499
0.0149275914924218 1.257354722111846
0.01599153982033193 1.063948327910132
0.01419388459041131 -1.797655229920626
0.01772008342625707 3.526198835845765
0.0193999541542374 1.679870727980332
0.01989499328656019 0.4950391323227838
0.02187229236990566 1.977299083345475
0.0227803403901779 0.9080480202722334
0.02438387689987365 1.603536509695757
0.02566286179426559 1.278984894391939
0.02689739698618672 1.234535191921123
0.02325117842167688 -3.646218564509834
0.02787506516405096 4.623886742374083
0.02907792837071045 1.202863206659483
0.02953753095485109 0.4596025841406455
0.03137437724751835 1.836846292667255
0.03235671867837131 0.9823414308529621
0.03343374700902688 1.077028330655566
0.0337419468573037 0.3081998482768189
0.03304511646007255 -0.6968303972311463
0.03458827297801367 1.543156517941124
0.0380225243066556 3.434251328641925
0.03837040163692132 0.3478773302657209
0.03952583986713193 1.155438230210609
0.04223916662436388 2.713326757231953
0.04169846747710753 -0.5406991472563516
0.04506338258325907 3.364915106151535
0.04392206220209616 -1.141320381162908
0.04653160101786571 2.609538815769557
0.04737009375023243 0.8384927323667121
0.0502516265551383 2.881532804905877
0.05057736532092108 0.3257387657827765
0.05147271319976418 0.8953478788431002
0.05101633089382341 -0.4563823059407709
0.05532209042352237 4.305759529698965
0.05657653560879287 1.2544451852705
0.05464558157587374 -1.930954032919138
0.05740092196290251 2.755340387028772
0.05666538267983336 -0.7355392830691517
0.06096541562908434 4.300032949250985
0.06058353379095436 -0.3818818381299827
0.06328135405197936 2.697820261025003
0.06067929782837709 -2.602056223602274
0.06553683595034923 4.857538121972143
0.06131801895263359 -4.218816997715646
0.06766805596397242 6.350037011338835
0.06712275929472818 -0.545296669244244
0.06808741733382191 0.9646580390937354
0.0688073785519437 0.7199612181217896
0.0720036558324004 3.196277280456697
0.07157572410650595 -0.4279317258944482
0.07214832481917019 0.5726007126642396
0.0688088106108684 -3.339514208301794
0.076321132471721 7.5123218608526
0.07555171406539594 -0.7694184063250509
0.07650732177236691 0.9556077069709651
0.07787259753126273 1.36527575889582
0.07832321336032071 0.4506158290579765
0.08179284758379857 3.46963422347786
0.08296517524448388 1.172327660685313
0.084140831517654 1.175656273170123
0.0777370005705293 -6.403830947124697
0.07919384508791588 1.456844517386577
0.08514473271164015 5.950887623724268
0.08836525908439899 3.220526372758839
0.08952868224328947 1.163423158890481
0.08801876442111102 -1.50991782217845
0.09171911679273265 3.700352371621626
0.09079990287849049 -0.9192139142421563
0.08591209333971331 -4.887809538777183
0.09219245656244605 6.280363222732745
0.0958779276218958 3.685471059449746
0.0917127473054246 -4.165180316471201
0.09787150118589948 6.158753880474876
0.09671204831610139 -1.159452869798086
0.09704989087258455 0.3378425564831561
0.1008491910277172 3.799300155132676
0.09317420576758222 -7.674985260135005
0.1026563436543727 9.482137886790531
0.1007841206865686 -1.872222967804149
0.0992923793401654 -1.491741346403203
0.1052983575862513 6.005978246085883
0.1061979761446855 0.8996185584342203
0.1042674797166988 -1.930496427986664
0.101844838442194 -2.422641274504797
0.1086240316281972 6.779193186003118
0.1004525931847254 -8.171438443471734
0.110081443069563 9.628849884837544
0.1078688566568992 -2.212586412663795
0.1087927582585341 0.9239016016349411
0.1122082568035585 3.41549854502439
0.110064936783914 -2.143320019644512
0.1109465543359525 0.8816175520385133
0.1077672781173423 -3.17927621861018
0.1086366172520668 0.8693391347244922
0.1153431844255229 6.706567173456038
0.1159575161148724 0.6143316893495732
0.1165517663011721 0.5942501862996608
0.1073970764218175 -9.15468987935461
0.1144209256172382 7.023849195420692
0.1173440713333057 2.923145716067526
0.1171235749795479 -0.2204963537578014
0.1028538920324606 -14.26968294708729
0.1166130118313777 13.7591197989171
0.1129042270667037 -3.708784764673956
0.1144274079427727 1.523180876068925
0.103350389501554 -11.07701844121868
0.1113141573795434 7.963767877989442
0.1067336533800658 -4.580503999477653
0.1076407273907474 0.9070740106816438
0.09949448002604634 -8.146247364701084
0.09928790494827525 -0.2065750777710956
0.1019447214536246 2.656816505349366
0.09953951560911238 -2.405205844512231
0.08953363297166884 -10.00588263744354
0.09440941651882284 4.875783547153997
0.08872909014856561 -5.680326370257227
0.08473310273484409 -3.995987413721522
0.0839077375798928 -0.8253651549512964
0.07716849279985165 -6.739244780041148
0.07244455660881199 -4.723936191039654
0.07212042416598029 -0.3241324428317066
0.06570808966787162 -6.412334498108671
0.06283252881586597 -2.875560852005646
0.05573052727472715 -7.102001541138818
0.05204099302374332 -3.689534250983832
0.04759364051218661 -4.447352511556716
0.042457316315403 -5.136324196783608
0.04023912448143253 -2.218191833970463
0.03379323766293092 -6.445886818501611
0.02895422774127964 -4.839009921651285
0.02592739449094615 -3.026833250333489
0.0181690766918385 -7.758317799107645
0.01674914039994135 -1.419936291897156
0.01301705359241736 -3.732086807523991
0.01057612257817042 -2.440931014246932
0.007015906406729086 -3.560216171441337
0.004891506149012817 -2.124400257716269
0.003080549901632729 -1.810956247380088
0.001702720609086384 -1.377829292546345
0.002106949602719878 0.4042289936334942
0.001781343872123084 -0.3256057305967939
0.001460066514149447 -0.3212773579736377
0.001142334100503496 -0.3177324136459506
0.001021054195201028 -0.1212799053024679
0.0005129531304903092 -0.5081010647107188
0.0001646200886233231 -0.3483330418669861
6.531428784028091e-05 -0.09930580078304221
0 -0.06531428784028091
0 0
0 0
0 0
0 0
0 0
0 0
0 0
0 0
0 0
0 0
0 0
0 0
0 0
0 0
0 0
0 0
0 0
0 0
0 0
0 0
0 0
0 0
0 0
0 0
0 0
0 0
0 0
0 0
0 0
0 0
0 0
0 0
0 0
0 0
0 0
0 0
0 0
0 0
0 0
0 0
0 0
0 0
0 0
0 0
0 0
0 0
0 0
0 0
0 0
0 0
0 0
0 0
0 0
0 0
0 0
0 0
0 0
0 0
0 0
0 0
0 0
0 0
0 0
0 0
0 0
0 0
0 0
0 0
0 0
0 0
0 0
0 0
0 0
0 0
0 0
0 0
0 0
0 0
0 0
0 0
0 0
0 0
0 0
0 0
0 0
0 0
0 0
0 0
0 0
0 0
0 0
0 0
0 0
0 0
0 0
0 0
0 0
0 0
0 0
0 0
0 0
0 0
0 0
0 0
0 0
0 0
0 0
0 0
0 0
0 0
0 0
0 0
0 0
0 0
0 0
0 0
0 0
0 0
0 0
0 0
0 0
0 0
0 0
0 0
0 0
0 0
0 0
0 0
0 0
0 0
0 0
0 0
0 0
0 0
0 0
0 0
0 0
0 0
0 0
0 0
0 0
0 0
0 0
0 0
0 0
0 0
0 0
0 0
0 0
0 0
0 0
0 0
0 0
0 0
0 0
0 0
0 0
0 0
0 0
0 0
0 0
0 0
0 0
0 0
0 0
0 0
0 0
0 0
0 0
0 0
0 0
