-0.005163055758231679 -0.3129601003901191
-0.003925343027721778 1.198723804063492
-0.004344299487329565 -0.4189564596077874
-0.004384252919267847 -0.03995343193828171
-0.00432870880385344 0.05554411541440658
-0.004471086647745818 -0.1423778438923778
-0.005904937183179422 -1.433850535433604
-0.007264478874218546 -1.359541691039124
-0.01088004082371946 -3.615561949500918
-0.01231865107961144 -1.438610255891972
-0.0138641001979717 -1.54544911836026
-0.01495597175089042 -1.091871552918726
-0.01947438721606213 -4.51841546517171
-0.02002199748249425 -0.5476102664321164
-0.02405296382917518 -4.03096634668093
-0.02301195862984067 1.041005199334512
-0.02729050901849956 -4.278550388658895
-0.02448084777342601 2.809661245073557
-0.0269044691360763 -2.423621362650296
-0.02099662755533858 5.907841580737722
-0.02205807975156537 -1.061452196226789
-0.02021301815531494 1.84506159625043
-0.02094227254897607 -0.7292543936611267
-0.01940775596076789 1.534516588208176
-0.02320610760659358 -3.79835164582569
-0.01887596441245002 4.33014319414356
-0.01989052309617808 -1.014558683728062
-0.02107217081471716 -1.181647718539073
-0.01872104031305585 2.351130501661303
-0.02016174074003795 -1.440700426982095
-0.02186283489238818 -1.70109415235023
-0.02004465276759366 1.81818212479452
-0.02069164346526803 -0.6469906976743732
-0.02360475800645103 -2.913114541183003
-0.02297503265450454 0.6297253519464974
-0.02254587927626145 0.4291533782430842
-0.02654675215973516 -4.000872883473703
-0.0245315355271013 2.015216632633855
-0.02391700217188151 0.6145333552197915
-0.02421431308356091 -0.2973109116794041
-0.02542780752701253 -1.213494443451615
-0.02662943127220677 -1.201623745194242
-0.02560224795122397 1.027183320982797
-0.02553963976294247 0.06260818828150369
-0.02544162119941476 0.0980185635277124
-0.02525507485516332 0.1865463442514391
-0.02509113115614364 0.1639436990196821
-0.02423713127865426 0.8539998774893705
-0.024713563362121 -0.4764320834667358
-0.02503217949939558 -0.3186161372745744
-0.02425690324970348 0.7752762496920917
-0.02426965071407948 -0.01274746437599297
-0.02400028794464943 0.2693627694300461
-0.02355488060458127 0.4454073400681595
-0.02371190991736263 -0.1570293127813628
-0.02333263711122293 0.3792728061397
-0.02323985304585726 0.09278406536566974
-0.02322235040584848 0.01750264000878812
-0.02257203451286695 0.6503158929815275
-0.02300598761700739 -0.4339531041404436
-0.02186352532640473 1.142462290602657
-0.02306767747106377 -1.204152144659031
-0.02311964818073418 -0.05197070967041112
-0.02264421902349013 0.4754291572440471
-0.02296755008558937 -0.3233310620992351
-0.02395915283863985 -0.9916027530504842
-0.02166937323118504 2.289779607454811
-0.02481865727417513 -3.149284042990093
-0.02536579154458358 -0.5471342704084469
-0.0252911286939264 0.07466285065717976
-0.02612698259579639 -0.8358539018699929
-0.02709189165102703 -0.9649090552306429
-0.02651993382865949 0.57195782236754
-0.02794636899573984 -1.426435167080343
-0.02745203322425332 0.4943357714865155
-0.02987778829909367 -2.425755074840344
-0.03053276443696622 -0.6549761378725517
-0.0310772861383218 -0.5445217013555839
-0.03040325061144998 0.6740355268718203
-0.03174718709992811 -1.34393648847813
-0.0310889961918973 0.6581909080308097
-0.03235111191317621 -1.262115721278909
-0.03179076557459754 0.5603463385786683
-0.03058716839642351 1.203597178174028
-0.03261193255283439 -2.024764156410879
-0.03376940140082402 -1.157468847989632
-0.03355272967270962 0.2166717281144037
-0.03487581815980009 -1.323088487090472
-0.03464285466143961 0.2329634983604875
-0.03591838432828041 -1.275529666840802
-0.03578394431069962 0.1344400175807905
-0.03350584011350556 2.278104197194056
-0.03662225127047808 -3.116411156972518
-0.03817700480372985 -1.554753533251768
-0.03883602532292255 -0.6590205191927059
-0.03753808541581292 1.297939907109628
-0.03930863249190601 -1.770547076093081
-0.04079650128195682 -1.48786879005082
-0.04152355286676818 -0.7270515848113585
-0.04029443467069373 1.229118196074457
-0.0417251152240934 -1.430680553399677
-0.04170238913360719 0.02272609048621643
-0.04227134620101106 -0.5689570674038691
-0.04494355040544192 -2.672204204430865
-0.04453496994992273 0.4085804555191905
-0.04638259026896521 -1.847620319042474
-0.04715016860294402 -0.7675783339788147
-0.04792048917567539 -0.7703205727313672
-0.04638488320115754 1.535605974517851
-0.04692278205784449 -0.5378988566869525
-0.0489166418712294 -1.993859813384909
-0.04851114743694164 0.4054944342877578
-0.05145922563337964 -2.948078196438004
-0.05092574629467336 0.5334793387062816
-0.05288491500793853 -1.959168713265166
-0.05249189437444819 0.3930206334903444
-0.05172609077211023 0.7658036023379596
-0.05372741386420574 -2.001323092095511
-0.05423930443146603 -0.5118905672602952
-0.05627434729946912 -2.035042868003087
-0.05557892841062223 0.6954188888468882
-0.05352328420396735 2.055644206654883
-0.05813034314704722 -4.607058943079868
-0.05875980862348244 -0.6294654764352203
-0.05482712587359811 3.932682749884328
-0.05984283914269563 -5.01571326909752
-0.06040482918651322 -0.5619900438175937
-0.05799729624428828 2.407532942224941
-0.06137168749476795 -3.374391250479669
-0.06037933655600962 0.9923509387583309
-0.06084794436551905 -0.4686078095094345
-0.06130591500424599 -0.4579706387269344
-0.06147901106654741 -0.1730960623014255
-0.0583703247617608 3.108686304786612
-0.06341721072634522 -5.04688596458442
-0.06364426317384635 -0.2270524475011249
-0.06236126791226275 1.282995261583597
-0.06397900906019739 -1.617741147934643
-0.06410388361036114 -0.1248745501637449
-0.05736739001942864 6.736493590932493
-0.06427129328475517 -6.903903265326528
-0.05934920099460751 4.922092290147666
-0.0645373150809396 -5.188114086332095
-0.06481410378106194 -0.2767887001223351
-0.06516782552551274 -0.3537217444508078
-0.06245705388453889 2.710771640973858
-0.06444650389360349 -1.9894500090646
-0.06505293903752582 -0.6064351439223348
-0.06531747992151762 -0.264540883991804
-0.06404020722776015 1.277272693757478
-0.06789473195493781 -3.854524727177663
-0.06501884570777555 2.875886247162257
-0.06909885488140792 -4.080009173632368
-0.06975666962452756 -0.6578147431196418
-0.06878064260477608 0.9760270197514825
-0.06940364127222355 -0.6229986674474719
-0.0701968621326364 -0.7932208604128493
-0.06437202709307731 5.824835039559092
-0.07294994386026082 -8.577916767183515
-0.07366881886866551 -0.7188750084046874
-0.07438380942590399 -0.7149905572384763
-0.07114068967747496 3.24311974842903
-0.07573822150188093 -4.597531824405976
-0.07472396771051436 1.014253791366576
-0.07521358511358966 -0.489617403075307
-0.0759438706379716 -0.7302855243819378
-0.07193288536598824 4.010985271983361
-0.07871825121141816 -6.785365845429922
-0.07931912407716736 -0.6008728657491968
-0.0760293436286467 3.289780448520657
-0.08042450195661877 -4.395158327972062
-0.0788652744517217 1.559227504897065
-0.08149957954649475 -2.634305094773054
-0.07800032192313201 3.499257623362742
-0.07827059480941911 -0.2702728862871012
-0.08096282949091473 -2.692234681495612
-0.07912597492788651 1.83685456302822
-0.08374285170036042 -4.61687677247391
-0.0841964240595659 -0.4535723592054841
-0.08463298469594539 -0.4365606363794933
-0.08505163253171324 -0.4186478357678519
-0.08349236787092838 1.559264660784862
-0.0729517527806214 10.54061509030699
-0.08404915197508153 -11.09739919446014
-0.08639777429282197 -2.34862231774044
-0.0846358033649583 1.761970927863676
-0.0870393792165729 -2.403575851614603
-0.08531076836822664 1.72861084834626
-0.08762049308730133 -2.309724719074688
-0.08790052366537658 -0.2800305780752549
-0.0882092594714409 -0.3087358060643169
-0.07542281775803791 12.78644171340298
-0.08660955832439497 -11.18674056635706
-0.08721287584486952 -0.6033175204745445
-0.08758360839797213 -0.3707325531026179
-0.09030966692641008 -2.726058528437949
-0.09077507748314281 -0.4654105567327288
-0.09117120566182019 -0.396128178677374
-0.08933229447752894 1.838911184291248
-0.08433244033718795 4.999854140340987
-0.08706739598436035 -2.734955647172396
-0.09189301448128698 -4.825618496926628
-0.08965663840252844 2.23637607875854
-0.08964080813894272 0.01583026358571715
-0.09172784732261366 -2.087039183670938
-0.08682391666440337 4.903930658210292
-0.09127294431336225 -4.44902764895888
-0.0863524889995369 4.920455313825345
-0.08841353905145183 -2.061050051914926
-0.08816612626111524 0.2474127903365902
-0.08991043452416211 -1.744308263046876
-0.08715854240272229 2.751892121439822
-0.08677294057774557 0.3856018249767251
-0.083891313157638 2.881627420107571
-0.0878244053186627 -3.933092161024707
-0.08718639150565032 0.6380138130123864
-0.0821428961440985 5.043495361551812
-0.08377297793685255 -1.630081792754048
-0.08080329095775532 2.969686979097233
-0.08460729283274335 -3.804001874988028
-0.08178166803495002 2.82562479779333
-0.08307365060881443 -1.291982573864411
-0.07818210654590374 4.891544062910688
-0.0814989559354834 -3.316849389579657
-0.07399701043006457 7.501945505418828
-0.08006548003612632 -6.06846960606175
-0.07746851448515864 2.596965550967681
-0.07708584896476178 0.3826655203968549
-0.07665540837450091 0.4304405902608721
-0.07748418010012278 -0.8287717256218741
-0.07460190578991434 2.882274310208446
-0.07391882251688682 0.6830832730275183
-0.06901604673506925 4.902775781817567
-0.0735263083542633 -4.510261619194044
-0.07055411673829709 2.972191615966207
-0.06946639813724501 1.087718601052085
-0.06815838028117731 1.308017856067697
-0.06744708971552961 0.7112905656476987
-0.0680374444479714 -0.590354732441789
-0.06704177547224183 0.9956689757295717
-0.06609275350265291 0.9490219695889174
-0.06025386026997143 5.838893232681483
-0.05935126310937474 0.9025971605966867
-0.06220774833949358 -2.856485230118839
-0.06302102120345769 -0.8132728639641124
-0.06219899048906222 0.8220307143954747
-0.06005654226279035 2.142448226271867
-0.06038075818171906 -0.3242159189287136
-0.05782204549495461 2.558712686764455
-0.0540201036859137 3.801941809040907
-0.05621303551159496 -2.192931825681262
-0.05639851483985814 -0.1854793282631759
-0.05278906392999493 3.609450909863205
-0.05462684967609256 -1.83778574609763
-0.05228797193691904 2.338877739173517
-0.05183648201958558 0.4514899173334655
-0.05232606224810973 -0.4895802285241474
-0.04771340972626019 4.612652521849538
-0.05119102290858184 -3.477613182321648
-0.04957536469237466 1.615658216207176
-0.04759206237705468 1.983302315319978
-0.04966546754805377 -2.07340517099909
-0.04904602503839864 0.6194425096551354
-0.04748968809742041 1.556336940978224
-0.04560932619333612 1.880361904084298
-0.04714274657521393 -1.533420381877815
-0.04287450244391851 4.268244131295424
-0.04585863048743528 -2.984128043516769
-0.04424588538923698 1.612745098198295
-0.04364102853222449 0.6048568570124965
-0.04424849007300401 -0.607461540779522
-0.0427721666484806 1.476323424523411
-0.0423501912335668 0.4219754149137958
-0.04124912641569257 1.101064817874232
-0.04088143510520233 0.3676913104902341
-0.04262511962977613 -1.743684524573796
-0.04236319371059055 0.261925919185578
-0.04207287421355403 0.2903194970365203
-0.0387126596600251 3.360214553528931
-0.0404963068632257 -1.783647203200595
-0.04093614934405896 -0.4398424808332649
-0.0404015679194213 0.5345814246376576
-0.0358966877158045 4.5048802036168
-0.03939767286444694 -3.500985148642437
-0.03788582659406367 1.511846270383268
-0.03826512719249294 -0.3793005984292705
-0.03482052341052072 3.444603781972221
-0.03717496777162194 -2.354444361101216
-0.03583686681919362 1.338100952428319
-0.03599539212635137 -0.1585253071577503
-0.0336655108596223 2.329881266729068
-0.03358492803299782 0.08058282662447985
-0.0343710212683303 -0.7860932353324842
-0.03364304472173081 0.7279765465994931
-0.03091641451312201 2.726630208608801
-0.03202050888754446 -1.104094374422455
-0.03022345274090359 1.797056146640878
-0.02875512755881555 1.468325182088039
-0.02815752739302601 0.5976001657895351
-0.02589618671005813 2.261340682967888
-0.02423213214051317 1.664054569544951
-0.02373464636311036 0.4974857774028146
-0.02163048333567586 2.104163027434495
-0.02057965148971124 1.050831845964627
-0.01818013575293616 2.399515736775076
-0.01690818116995665 1.271954582979507
-0.01542939858366725 1.4787825862894
-0.01377768762637508 1.651710957292178
-0.01300626221762548 0.7714254087495993
-0.01107786969108731 1.928392526538167
-0.009730658270286886 1.347211420800423
-0.008769814847368235 0.9608434229186509
-0.00707045542756081 1.699359419807425
-0.006995682380602588 0.07477304695822223
-0.006901822712848193 0.09385966775439514
-0.007587130378938392 -0.6853076660901991
-0.008122034755732473 -0.5349043767940813
-0.008818767069904069 -0.6967323141715952
-0.01003302939243635 -1.214262322532278
-0.01105865209872574 -1.025622706289397
-0.01186488342609571 -0.8062313273699689
-0.01271122064953878 -0.8463372234430704
-0.01321423035172033 -0.5030097021815477
-0.01329294211834967 -0.07871176662934201
-0.01276950656044151 0.523435557908165
-0.01242395560597278 0.3455509544687246
-0.01194452185737678 0.479433748596006
-0.01069059675450743 1.253925102869343
-0.01021319823027385 0.4773985242335823
-0.009763020444241247 0.4501777860326048
-0.009660397522176293 0.102622922064954
-0.009802136989354195 -0.1417394671779024
-0.01008318751369374 -0.2810505243395472
-0.01053470533164942 -0.4515178179556809
-0.01071138266336101 -0.1766773317115819
-0.01063294486547256 0.0784377978884452
-0.01045581302756036 0.1771318379121967
-0.01003301160412452 0.4228014234358424
-0.009604476380647873 0.4285352234766476
-0.009232158016148368 0.3723183644995052
-0.00891073637396989 0.3214216421784776
-0.008685372137327473 0.2253642366424179
-0.008501301284731852 0.1840708525956206
-0.008458036802732634 0.04326448199921777
-0.008367998761744995 0.09003804098763925
-0.008221329579838272 0.1466691819067226
-0.008108217389369954 0.1131121904683185
-0.007991278549479165 0.1169388398907893
-0.0078587512721001 0.1325272773790645
-0.007860173342677903 -0.001422070577803206
-0.007802800881798358 0.05737246087954544
-0.007778521955220699 0.02427892657765832
-0.0077493054995908 0.02921645562989957
-0.007731571080105462 0.01773441948533811
-0.007719683800950762 0.01188727915469971
-0.007718588843819654 0.001094957131107972
-0.007724597726538686 -0.006008882719031605
-0.007758277388686957 -0.03367966214827111
-0.007777955735530051 -0.01967834684309371
-0.007803843136997947 -0.02588740146789673
-0.007818882470428019 -0.01503933343007142
-0.007847696328083123 -0.02881385765510398
-0.007873780076461395 -0.02608374837827221
-0.007900623577157186 -0.02684350069579074
-0.007926001198097563 -0.02537762094037728
-0.007956888463998169 -0.03088726590060563
-0.007988821778120585 -0.03193331412241693
-0.008009652511344102 -0.02083073322351608
-0.008019737406690071 -0.01008489534596972
-0.008030002983585777 -0.01026557689570544
-0.008072670928827168 -0.04266794524139181
-0.008080970168751591 -0.00829923992442215
-0.008083341561564202 -0.002371392812611575
-0.008088234653909022 -0.004893092344819897
-0.008089272385118793 -0.001037731209770423
-0.008074233924580683 0.01503846053810959
-0.008051952895712308 0.02228102886837544
-0.008004681041951857 0.047271853760451
-0.007986751388551849 0.01792965340000757
-0.007867179097688526 0.1195722908633231
-0.007777263129194805 0.08991596849372042
-0.007656726052494983 0.1205370766998223
-0.007529821790205124 0.1269042622898588
-0.007396118108742515 0.1337036814626092
-0.007273657976725626 0.1224601320168892
-0.007115711242557565 0.1579467341680605
-0.00709544283951819 0.02026840303937568
-0.00692014431285489 0.1752985266632997
-0.006831356624552652 0.08878768830223802
-0.006746783252441706 0.08457337211094633
-0.00668325895033425 0.06352430210745594
-0.006626170250029831 0.0570887003044189
-0.006549570142409804 0.07660010762002706
-0.006438865060711534 0.1107050816982697
-0.006389173657819699 0.04969140289183462
-0.006300967850816865 0.0882058070028344
-0.006083585232546189 0.2173826182706763
-0.005893833893331884 0.1897513392143052
-0.005711802929189313 0.1820309641425702
-0.005499939765627194 0.2118631635621192
-0.005293920390033323 0.2060193755938711
-0.005158354519154873 0.1355658708784499
-0.005008744827269379 0.1496096918854944
-0.00483788786728343 0.1708569599859489
-0.004776121364329565 0.06176650295386475
-0.004660891368761405 0.1152299955681606
-0.004608467499363822 0.0524238693975828
-0.004574727917137596 0.03373958222622608
-0.004581496178850274 -0.006768261712678317
-0.004586167377555558 -0.00467119870528436
-0.004604897622968157 -0.01873024541259889
-0.004616741828491739 -0.0118442055235821
-0.004638886374449292 -0.02214454595755259
-0.004659868548519491 -0.02098217407019935
-0.004678336701583077 -0.01846815306358589
-0.004695036242798199 -0.01669954121512156
-0.004692304773107147 0.002731469691051418
-0.004690083434595636 0.002221338511511524
-0.004684823926610694 0.005259507984941951
-0.004681632476804294 0.003191449806400071
-0.004669439317118628 0.01219315968566548
-0.004663967480470294 0.005471836648333894
-0.00466337555319653 0.0005919272737641562
-0.004662927759298626 0.0004477938979046553
-0.00467155672489968 -0.008628965601054084
-0.004679327026418593 -0.007770301518913829
-0.00469214854655327 -0.01282152013467631
-0.004697930306931515 -0.005781760378245453
-0.004702614139383655 -0.004683832452139457
-0.004701643020435853 0.0009711189478019133
-0.00470122539868816 0.0004176217476923455
-0.0046814478638431 0.01977753484506007
-0.004670648304150732 0.01079955969236854
-0.004644724663006298 0.02592364114443416
-0.004624740741408021 0.01998392159827632
-0.004607683118766612 0.01705762264140979
-0.004586989243533861 0.02069387523275044
-0.004568074879646815 0.01891436388704645
-0.004541891368888678 0.02618351075813624
-0.00453021582685645 0.01167554203222818
-0.004507818263282317 0.02239756357413306
-0.004483979474043507 0.02383878923880971
-0.00445655201528663 0.02742745875687798
-0.004423863921895762 0.03268809339086742
-0.004396744383450041 0.0271195384457211
-0.004343225716962814 0.05351866648722718
-0.004304279340840374 0.03894637612243939
-0.004266625843963749 0.03765349687662525
-0.004187407401496532 0.0792184424672172
-0.004116892644012698 0.07051475748383415
-0.0040349417755325 0.08195086848019738
-0.003970393754530593 0.06454802100190789
-0.003878320878155527 0.0920728763750653
-0.003785931883450161 0.09238899470536635
-0.003700501338954337 0.08543054449582348
-0.003607495254430429 0.09300608452390878
-0.003461247066991134 0.1462481874392949
-0.003424101644391756 0.03714542259937795
-0.003341474059814638 0.08262758457711809
-0.003240791557396267 0.1006825024183703
-0.003160787845238561 0.08000371215770687
-0.003063965188653279 0.09682265658528168
-0.003006661851768327 0.05730333688495166
-0.002930342236210053 0.07631961555827453
-0.002885734221822131 0.04460801438792121
-0.002845604382415216 0.04012983940691536
-0.002940774052420122 -0.0951696700049057
-0.003415847876708749 -0.4750738242886273
-0.004386364687364309 -0.9705168106555598
-0.005178077550268117 -0.7917128629038083
-0.006139429746401066 -0.9613521961329488
-0.00650909789288551 -0.3696681464844445
-0.005646180332473993 0.862917560411517
-0.005202831129750562 0.4433492027234318
-0.003985001122708639 1.217830007041922
-0.003596622413638209 0.3883787090704299
-0.003750916603011759 -0.15429418937355
-0.004626798788979823 -0.8758821859680636
-0.005536675975999807 -0.9098771870199835
-0.006311543618684776 -0.7748676426849698
-0.005803073128812377 0.5084704898723992
-0.004591938679738106 1.211134449074271
-0.004252966238657258 0.338972441080848
-0.005298654743077001 -1.045688504419742
-0.006105443966306025 -0.8067892232290242
-0.005663367966451816 0.4420759998542091
-0.004517697522360759 1.145670444091057
-0.005223931972298377 -0.7062344499376175
-0.006207441978385266 -0.9835100060868895
-0.004674176513156091 1.533265465229175
-0.005220106483136465 -0.5459299699803744
-0.005863951936673897 -0.6438454535374321
-0.004795694511149084 1.068257425524814
-0.006310347551036859 -1.514653039887776
-0.004689077407733007 1.24262861499951
-0.006285374931095365 -1.596297523362358
-0.004775914471529659 1.509460459565706
-0.004867979199894633 0.6350932956577749
-0.005706364655803216 -0.838385455908583
-0.00485009565784156 0.8562689979616555
