0.02318217099028526 23.18217099028525
0.01651452838657523 -6.667642603710024
0.01106771955635359 -5.446808830221639
0.0067796861623057 -4.288033394047892
0.00387155084038531 -2.90813532192039
0.002043843859293758 -1.827706981091552
0.0009223377019821049 -1.121506157311653
0.0002517011289147115 -0.6706365730673933
1.61965058205705e-05 -0.2355046230941411
0 -0.0161965058205705
0 0
0 0
0.0006245207737115178 0.6245207737115177
0.003938761995801076 3.314241222089558
0.01008238680146055 6.14362480565947
0.01836926457465364 8.28687777319309
0.02534077959755675 6.971515022903114
0.03426915952712551 8.928379929568759
0.03908222405482497 4.813064527699459
0.0398210384041831 0.7388143493581301
0.03911057147250398 -0.7104669316791226
0.03815958682379941 -0.9509846487045711
0.0373295688364724 -0.8300179873270072
0.03643708288841564 -0.8924859480567634
0.03529956777858047 -1.13751510983516
0.03519524311551204 -0.1043246630684364
0.03495673646202931 -0.2385066534827326
0.03530719159957013 0.3504551375408255
0.03664015386381547 1.332962264245341
0.03858081257184173 1.940658708026261
0.04114905368581628 2.568241113974551
0.04442734922171798 3.278295535901699
0.04740269472231197 2.975345500593987
0.050459299991449 3.056605269137029
0.05404521450954871 3.585914518099711
0.05720735785044678 3.162143340898073
0.05934790437125284 2.140546520806058
0.06253222525842819 3.184320887175351
0.06495591179055693 2.423686532128738
0.06707574195208402 2.119830161527086
0.06842714388744436 1.351401935360347
0.0699231169965831 1.495973109138737
0.0718309697828744 1.907852786291298
0.07320407196264914 1.373102179774738
0.07514139718768484 1.937325225035702
0.07677755393669193 1.636156749007092
0.07855598950169301 1.778435565001082
0.08061450617530296 2.058516673609942
0.08220920704635054 1.594700871047586
0.08430746757889543 2.098260532544888
0.08678536269633566 2.477895117440232
0.08922118277155998 2.435820075224318
0.09199714203114448 2.775959259584501
0.09494092938403614 2.943787352891663
0.0979371103679741 2.99618098393796
0.1009528611639579 3.015750795983763
0.1034955906772048 2.542729513246911
0.1071708285431274 3.675237865922623
0.1096987495975923 2.527921054464907
0.1133079277084885 3.609178110896241
0.1161056651294529 2.797737420964355
0.1190645685178517 2.958903388398812
0.1220962287348884 3.0316602170367
0.1249752601412308 2.879031406342339
0.1269109838379483 1.935723696717517
0.1301201428547339 3.209159016785645
0.1321650668018195 2.044923947085608
0.1350870798930431 2.92201309122353
0.1376701939588181 2.583114065775077
0.1401461830729476 2.47598911412944
0.1422714589904835 2.125275917535974
0.1447803083325048 2.508849342021252
0.1467462649837502 1.965956651245354
0.1492383749065068 2.492109922756697
0.1517239011262674 2.485526219760503
0.1541051191502947 2.381218024027381
0.1567036819008753 2.598562750580541
0.1593446153130237 2.640933412148438
0.1623604246265272 3.015809313503509
0.1645153746259287 2.15494999940144
0.1664713630245474 1.955988398618741
0.1694901178194738 3.018754794926359
0.1724627370001343 2.972619180660552
0.1751901293462151 2.727392346080742
0.1779388392631865 2.748709916971487
0.1806369747307998 2.698135467613216
0.1838770703933515 3.24009566255179
0.186567510952848 2.690440559496465
0.1888811469939041 2.313636041056055
0.1925310939908881 3.64994699698401
0.1957533840762914 3.22229008540334
0.1987983609009403 3.044976824648909
0.2016347222763383 2.836361375397972
0.2048012662482671 3.166543971928781
0.2082319397923439 3.430673544076862
0.2116543020314947 3.422362239150711
0.2140258968929764 2.371594861481752
0.2181636518995634 4.137755006587029
0.22157098069967 3.407328800106551
0.2246156511311554 3.044670431485458
0.2281246166421999 3.50896551104446
0.2315305684388185 3.405951796618595
0.2349866300909612 3.456061652142739
0.2388712493866481 3.884619295686842
0.2424115548640068 3.540305477358757
0.2451787656705254 2.767210806518566
0.2495092079690976 4.330442298572184
0.2532994959522522 3.790287983154561
0.2557840292409209 2.484533288668767
0.2593467924113637 3.562763170442795
0.2632359873849743 3.889194973610566
0.2666766411323455 3.440653747371236
0.2709580706754631 4.281429543117554
0.2727996296632627 1.841558987799641
0.2776161633532996 4.816533690036873
0.2806298446873174 3.013681334017859
0.2826414940839514 2.011649396633952
0.2869215059845702 4.280011900618829
0.2900291262041538 3.107620219583551
0.2943810978646833 4.35197166052953
0.2965893531744164 2.20825530973312
0.2970301520253506 0.4407988509341765
0.3031526329271665 6.122480901815941
0.3062263438798897 3.073710952723185
0.3049226501550635 -1.303693724826194
0.3116697875548648 6.747137399801262
0.31440798207763 2.738194522765247
0.3143077652014361 -0.1002168761939926
0.3192434967283255 4.93573152688942
0.3185905800075004 -0.6529167208250697
0.3218445010217518 3.253921014251371
0.3251552421112709 3.31074108951912
0.3255227767682365 0.3675346569655957
0.323796653399077 -1.726123369159449
0.3298559381616045 6.059284762527484
0.3311132863946836 1.257348233079103
0.3306133479263501 -0.4999384683335162
0.3315187354952918 0.9053875689416513
0.3319293020050291 0.410566509737309
0.3284970473716384 -3.432254633390641
0.3339397817593933 5.442734387754888
0.3309270364576993 -3.012745301694042
0.3348040480573802 3.877011599680902
0.3359283920236497 1.124343966269536
0.3375909167538519 1.662524730202231
0.3346267149244739 -2.964201829378066
0.340128333357152 5.501618432678101
0.3424154947657456 2.287161408593641
0.3453077555681871 2.892260802441482
0.3460801194183499 0.7723638501627716
0.3529094025916266 6.82928317327669
0.3546336310528188 1.724228461192245
0.3594627506109056 4.829119558086791
0.3614450669312844 1.982316320378763
0.3648451163485682 3.400049417283835
0.3685569753801978 3.711859031629627
0.3719915593894053 3.434584009207486
0.3695319184994571 -2.459640889948211
0.3810951850407603 11.56326654130319
0.385091968476738 3.996783435977758
0.3890353564503616 3.943387973623536
0.3890403411750803 0.004984724718715139
0.3960484898038812 7.008148628800948
0.398646505759391 2.598015955509791
0.4018690122458149 3.22250648642386
0.405206535815349 3.337523569534095
0.4044161444067608 -0.7903914085882202
0.4135239375158078 9.10779310904708
0.4153996399434779 1.875702427670045
0.4173801148291564 1.98047488567854
0.4231488105127163 5.768695683559866
0.4263117017019095 3.162891189193162
0.4291073348573246 2.795633155415145
0.428838558665894 -0.2687761914305642
0.4313504779245108 2.511919258616768
0.4362678461175591 4.917368193048277
0.4368070393890711 0.5391932715120284
0.4411160938825323 4.309054493461195
0.4450034050788189 3.887311196286547
0.4475490354650312 2.545630386212361
0.4500100084771519 2.460973012120671
0.4513998253352509 1.389816858098969
0.4480418245372977 -3.35800079795312
0.4547772201436466 6.735395606348837
0.458274785530368 3.497565386721413
0.4574870265139136 -0.7877590164543924
0.4622159053370365 4.72887882312295
0.4633586686555512 1.14276331851465
0.4661035478321604 2.744879176609205
0.4680395256888442 1.935977856683813
0.4688370421416729 0.7975164528287171
0.4671088560085241 -1.72818613314879
0.473816435347674 6.707579339149838
0.4744953603994921 0.6789250518181578
0.4775655210891124 3.070160689620294
0.4816878394696171 4.122318380504641
0.484211380018563 2.523540548945935
0.4863621760415469 2.150796022983847
0.4869521727291711 0.5899966876242169
0.4873578618753622 0.4056891461911016
0.4876839505224515 0.3260886470893287
0.490149388767617 2.465438245165541
0.4915431233817135 1.393734614096476
0.4910477727679212 -0.4953506137923558
0.4923144044066179 1.266631638696725
0.4918416095016971 -0.472794904920748
0.4921906000839303 0.3489905822331441
0.4919905730677367 -0.2000270161935935
0.4924846950536427 0.494121985905982
0.4917456787257996 -0.7390163278431228
0.4908664353766544 -0.8792433491451868
0.4897406205798417 -1.125814796812674
0.4881081981208327 -1.63242245900902
0.4873613145283183 -0.7468835925143469
0.4844677126166119 -2.893601911706456
0.4822523914616076 -2.215321155004224
0.4820854866079046 -0.1669048537030204
0.4790548412391655 -3.030645368739093
0.4784425370237261 -0.6123042154393965
0.4724274763452961 -6.015060678430051
0.4702710829358726 -2.156393409423474
0.4656749959625693 -4.596086973303271
0.4637935162113415 -1.881479751227877
0.4582702322238742 -5.523283987467265
0.4594600720738823 1.18983985000809
0.4504643653759858 -8.995706697896511
0.4502726809628594 -0.1916844131263917
0.4462166157229883 -4.056065239871121
0.4380314168557543 -8.185198867233956
0.4331000434560663 -4.931373399688021
0.4292437750994726 -3.856268356593695
0.4252564547544994 -3.987320344973233
0.4229061746085315 -2.350280145967831
0.4135584649221818 -9.347709686349681
0.4128380399951224 -0.7204249270594265
0.4054389925086591 -7.399047486463306
0.3995619294657377 -5.87706304292146
0.3953279749738323 -4.233954491905389
0.3877043536159804 -7.623621357851884
0.3821016406204695 -5.60271299551085
0.3788198280368549 -3.281812583614596
0.3757030960910954 -3.11673194575951
0.3718693495654002 -3.833746525695236
0.364179590809342 -7.689758756058207
0.356471695869596 -7.707894939745996
0.3509464604181301 -5.525235451465882
0.3478798437340517 -3.066616684078427
0.3404058749481783 -7.473968785873364
0.3362065347678304 -4.199340180347899
0.3365473407127317 0.3408059449012679
0.3298331927467983 -6.714147965933392
0.3209395636687596 -8.893629078038645
0.3183200720111174 -2.619491657642248
0.3119537251683818 -6.366346842735626
0.3082722480600231 -3.681477108358699
0.3047958482913583 -3.476399768664762
0.2983165394169492 -6.479308874409117
0.2997457934643062 1.429254047357054
0.2917157607395281 -8.030032724778147
0.2881478648395849 -3.567895899943163
0.2851881789176968 -2.959685921888167
0.2785305977584252 -6.657581159271563
0.2746908836346114 -3.839714123813842
0.2713572183739572 -3.333665260654206
0.270998500485945 -0.3587178880121722
0.2644483498407264 -6.550150645218578
0.2669881795815102 2.539829740783817
0.2583361713391639 -8.652008242346298
0.2567093677304886 -1.626803608675287
0.2536193910097436 -3.089976720745069
0.2492952661236979 -4.324124886045694
0.2474737094602688 -1.821556663429119
0.2443798561223639 -3.093853337904878
0.2427769338606257 -1.602922261738221
0.242662218714249 -0.1147151463766205
0.2368025889055268 -5.859629808722261
0.23434128605063 -2.461302854896791
0.2319647624428848 -2.376523607745151
0.2326890748376781 0.7243123947932306
0.2285242587071547 -4.16481613052333
0.2255807615840881 -2.943497123066602
0.2251688532371621 -2.21597416788491
0.2265859971404157 1.41714390325362
0.2213959937056403 -5.190003434775408
0.2193085793218975 -2.087414383742797
0.215870618901614 -3.437960420283548
0.2135336780272914 -2.336940874322596
0.2116550661108741 -1.87861191641725
0.206059460816782 -5.595605294092115
0.2023796677228075 -3.679793093974509
0.2022399129452006 -0.1397547776069152
0.197117531583329 -5.12238136187157
0.1926450053457254 -4.472526237603663
0.1907244995031768 -1.920505842548603
0.1858897636181215 -4.834735885055314
0.1831843071532248 -2.705456464896699
0.1788865829793755 -4.297724173849299
0.1730833798897884 -5.803203089587039
0.1660299118489858 -7.053468040802619
0.1566006196738589 -9.429292175126863
0.1275849452503785 -29.01567442348041
0.1166387053881704 -10.94623986220809
0.1050597354615204 -11.57896992665007
0.1016330205036701 -3.426714957850283
0.09302553587975375 -8.607484623916333
0.08648046271980321 -6.545073159950538
0.07931543102746018 -7.165031692343033
0.07298364768592938 -6.331783341530797
0.06234031579682055 -10.64333188910883
0.05133028806269266 -11.0100277341279
0.04707101139842641 -4.259276664266245
0.04077926331273812 -6.291748085688289
0.034198079669679 -6.581183643059124
0.03430466608956526 0.1065864198862634
0.03153325877030056 -2.771407319264701
0.03037218346839285 -1.161075301907712
0.03287992807304311 2.50774460465026
0.03477810216418425 1.898174091141146
0.03896884410574377 4.190741941559516
0.04950753909262512 10.53869498688135
0.05028959841617516 0.7820593235500425
0.05109520741689094 0.8056090007157803
0.05272198779467879 1.626780377787844
0.05226764054044579 -0.4543472542329965
0.04848004319486033 -3.78759734558546
0.05059255207269591 2.112508877835581
0.04784316276412471 -2.749389308571201
0.04496129312433179 -2.881869639792922
0.04257143085069191 -2.389862273639874
0.04237919474606692 -0.1922361046249946
0.0435819984751556 1.202803729088681
0.04524751053148773 1.665512056332134
0.04894281806744096 3.695307535953228
0.05153993322472866 2.597115157287701
0.05363905431529222 2.099121090563559
0.0530217943176505 -0.6172599976417211
0.05051156878502466 -2.510225532625837
0.04810676827364333 -2.404800511381332
0.0446521863842344 -3.454581889408934
0.04221241166170323 -2.439774722531165
0.04055546441965394 -1.656947242049296
0.03916840545266233 -1.387058966991608
0.03878703447024709 -0.3813709824152384
0.03904539446947847 0.2583599992313779
0.03946727503778374 0.4218805683052773
0.04056211337925811 1.09483834147437
0.0395816774119219 -0.9804359673362197
0.0386370048439956 -0.9446725679262968
0.037541975982505 -1.095028861490599
0.03745513347470985 -0.08684250779514985
0.0364218219485181 -1.033311526191745
0.03601474922195448 -0.4070727265636231
0.03598552729119673 -0.02922193075775154
0.03540357973412334 -0.5819475570733867
0.03524372080723023 -0.1598589268931097
0.03515496862892746 -0.08875217830277282
0.03503133703310009 -0.1236315958273726
0.03495870862992684 -0.07262840317324298
0.03488451286238154 -0.07419576754530421
0.0349081376469842 0.02362478460266049
0.03493934731183348 0.03120966484927712
0.03496608840761219 0.02674109577871508
0.03503011051567141 0.06402210805921821
0.03511578571295094 0.08567519727952638
0.03519955762228171 0.08377190933077372
0.03515146898223363 -0.04808864004807872
0.03541061107900266 0.2591420967690272
0.03546831278862574 0.0577017096230828
0.03559392938302776 0.1256165944020157
0.03573905975346203 0.1451303704342669
0.03578802600391152 0.04896625044949893
0.03589581870855317 0.107792704641646
0.03595512751260454 0.05930880405136812
0.03595691009846871 0.001782585864168462
0.03598456054024684 0.02765044177813203
0.03612147694809299 0.1369164078461466
0.03608075769306605 -0.04071925502693863
0.03597098809892931 -0.1097695941367355
0.03577283205592745 -0.1981560430018639
0.03552064405173227 -0.2521880041951793
0.0352284605040749 -0.2921835476573723
0.03478964885679797 -0.4388116472769307
0.03480350260756548 0.01385375076751877
0.03410951895157963 -0.6939836559858581
0.03353005721230197 -0.5794617392776563
0.03302801038572366 -0.5020468265783048
0.03255146261123854 -0.4765477744851226
0.03211796012051377 -0.4335024907247756
0.03175408802294222 -0.3638720975715493
0.03180558100354137 0.05149298059915763
0.03157171424326731 -0.2338667602740652
0.03102608043211951 -0.545633811147795
0.03067576353923814 -0.3503168928813797
0.03010758273017298 -0.5681808090651566
0.02971265076122166 -0.3949319689513231
0.02906374015326054 -0.648910607961118
0.02839364287156647 -0.6700972816940688
0.02744919589777403 -0.9444469737924371
0.02671800880391721 -0.7311870938568262
0.02629505755122926 -0.4229512526879448
0.0252568673532409 -1.038190197988356
0.02461459641045398 -0.6422709427869252
0.02378705116112964 -0.8275452493243379
0.02323198774143396 -0.555063419695679
0.02305915954503476 -0.1728281963992058
0.0224397193401306 -0.6194402049041585
0.0221533173180821 -0.2864020220485
0.02258750777455232 0.4341904564702271
0.0217866261063804 -0.8008816681719239
0.02140078303503404 -0.3858430713463631
0.02131615583699187 -0.08462719804216978
0.0210976180450648 -0.2185377919270669
0.02100106610005196 -0.09655194501284603
0.02092740818778061 -0.07365791227134308
0.02090374820153794 -0.02365998624267313
0.02079378531554808 -0.109962885989863
0.02077859401208192 -0.01519130346615966
0.02065732339684494 -0.1212706152369757
0.02068593934644289 0.02861594959795155
0.02067564617336246 -0.01029317308042996
0.02070957565620196 0.03392948283949607
0.02073061599662034 0.02104034041837746
0.02077316236972295 0.04254637310261572
0.02083810509770228 0.06494272797932452
0.0209056086696301 0.06750357192782108
0.02097248717741267 0.06687850778256885
0.02104605103526348 0.07356385785080993
0.02106973267313561 0.02368163787213814
0.02106526092648038 -0.004471746655236586
0.02103904758089368 -0.0262133455866953
0.02097503139684451 -0.06401618404916834
0.02089416051201421 -0.08087088483030302
0.02083921964615907 -0.05494086585513744
0.02073338615060593 -0.1058334955531468
0.02068097450198396 -0.05241164862196737
0.02063786345041904 -0.04311105156492093
0.02059887726393895 -0.03898618648008959
0.02060718958584895 0.00831232190999856
0.02057909942091989 -0.02809016492906144
0.02058245845897343 0.003359038053547814
0.02076211501814995 0.1796565591765144
0.02054055532263577 -0.2215596955141737
0.02047877085946932 -0.0617844631664588
0.02037170068296602 -0.1070701765032919
0.0202102979380272 -0.1614027449388274
0.01994855132193873 -0.2617466160884686
0.01974696009274588 -0.2015912291928462
0.01940406054344336 -0.3428995493025173
0.01937003786334121 -0.03402268010214982
0.01881248815412358 -0.5575497092176369
0.0184862020784787 -0.3262860756448813
0.01816855790691251 -0.3176441715661872
0.01786406547713553 -0.3044924297769778
0.01757410880874274 -0.2899566683927865
0.01729644023002311 -0.277668578719633
0.01702576491608461 -0.2706753139384982
0.01645032098062822 -0.5754439354563913
0.01619879069439494 -0.2515302862332834
0.0159446465979931 -0.2541440964018357
0.01560506812484942 -0.3395784731436875
0.01496737709190782 -0.6376910329416001
0.01460662491520087 -0.3607521767069466
0.01418721018205545 -0.4194147331454158
0.01384481259686148 -0.3423975851939761
0.01342007987524215 -0.4247327216193239
0.01311892561368628 -0.3011542615558686
0.01303912221089365 -0.07980340279263587
0.0128692966005237 -0.1698256103699509
0.01389917120805244 1.029874607528744
0.01836875426493498 4.469583056882536
0.02723942696979169 8.870672704856714
0.03058195013713415 3.342523167342459
0.03034476486190621 -0.2371852752279385
0.02550096629639667 -4.843798565509545
0.01789786021313541 -7.603106083261253
0.01285792314533005 -5.039937067805365
0.01259571080838744 -0.2622123369426088
0.01751229343060474 4.916582622217301
0.0254680178343697 7.955724403764959
0.03163967043808434 6.17165260371464
0.02975458187625937 -1.885088561824968
0.02172361413677024 -8.03096773948913
0.01605032884685311 -5.673285289917128
0.01802628122971339 1.975952382860278
0.02696730855088926 8.941027321175868
0.03093959706714132 3.972288516252063
0.02274768083199757 -8.191916235143752
0.01721527015527996 -5.532410676717607
0.02448486414560114 7.269593990321177
0.0296730876936924 5.188223548091255
0.01945445304933086 -10.21863464436154
0.02363698608308434 4.182533033753481
0.02657947765435265 2.942491571268312
0.02146858462844618 -5.110893025906466
0.02556948588355306 4.100901255106877
0.02408141717237883 -1.488068711174229
0.02232635100372107 -4.780949065107651
0 0
0 0
0 0
