-0.4220352278226583 -422.0352278226583
-0.3804709682805341 41.56425954212417
-0.3729402977622059 7.530670518328231
-0.3647949423201564 8.145355442049528
-0.3560444190362865 8.750523283869827
-0.3466288969404362 9.415522095850282
-0.3403026908084608 6.326206131975431
-0.3294077290918577 10.89496171660315
-0.3301730204069824 -0.7652913151247054
-0.3129829870836571 17.19003332332525
-0.2937611587081732 19.22182837548392
-0.2802181562247608 13.54300248341245
-0.2693082839462728 10.90987227848794
-0.2492460549284293 20.06222901784349
-0.2371286801874841 12.11737474094524
-0.1572639335560899 79.86474663139414
-0.1242066384210102 33.05729513507978
-0.07428212806799789 49.92451035301227
-0.08895041690294375 -14.66828883494586
-0.06287759308270775 26.072823820236
-0.061688516147675 1.18907693503275
-0.06600934786689593 -4.320831719220923
-0.05694554144363344 9.063806423262488
-0.0542824361023196 2.663105341313837
-0.07836137760996695 -24.07894150764735
-0.0483386530891243 30.02272452084265
-0.05007571078895947 -1.737057699835169
-0.05137811823252351 -1.302407443564038
-0.03800393839958602 13.37417983293749
-0.03827371910299653 -0.2697807034105076
-0.03251960822696192 5.754110876034606
-2.433787997032309e-25 32.51960822696192
-1.822841168824643e-52 2.433787997032309e-22
-4.643376038133069e-80 1.822841168824643e-49
-4.689406803515879e-108 4.643376038133069e-77
-7.350830933071559e-133 4.689406803515879e-105
-1.874573572706643e-149 7.350830933071558e-130
-1.08147272075519e-162 1.874573572706535e-146
-1.095701120858625e-176 1.081472720755178e-159
-2.820800131874547e-187 1.095701120830417e-173
-1.349171852009143e-191 2.820665214689346e-184
-1.312724825129612e-198 1.34917172073666e-188
-4.950635126374293e-204 1.312719874494486e-195
-4.326432887190872e-208 4.950202483085574e-201
-2.546118010586455e-211 4.323886769180285e-205
-1.109248083881875e-213 2.535025529747635e-208
-1.561129011635571e-215 1.093636793765519e-210
-5.207832234682979e-217 1.509050689288741e-212
-4.962377791182195e-218 4.711594455564759e-214
-7.078805637855794e-219 4.254497227396615e-215
-2.339508063980531e-219 4.739297573875263e-216
-6.321841603043257e-220 1.707323903676205e-216
-2.03255577980806e-220 4.289285823235197e-217
-7.294540033569961e-221 1.303101776451064e-217
-4.182878709041699e-221 3.111661324528262e-218
-1.994431624026465e-221 2.188447085015233e-218
-1.15383639647861e-221 8.405952275478555e-219
-6.490080694399577e-222 5.048283270386522e-219
-5.647380364589399e-222 8.427003298101778e-220
-2.922476332469307e-222 2.724904032120092e-219
-2.850379903380302e-222 7.209642908900525e-221
-1.6691042896869e-222 1.181275613693402e-219
-1.196721942686367e-222 4.72382347000533e-220
-9.549814107926036e-223 2.417405318937631e-220
-7.70956741815784e-223 1.840246689768196e-220
-4.760630147316301e-223 2.94893727084154e-220
-5.12034155084187e-223 -3.597114035255693e-221
-2.666589713081911e-223 2.453751837759959e-220
-2.000388678089396e-223 6.662010349925154e-221
-1.661346944550043e-223 3.390417335393532e-221
-1.287344191152666e-223 3.740027533973765e-221
-9.705809024212147e-224 3.167632887314517e-221
-9.65913775414078e-224 4.667127007136725e-223
-6.103302087555206e-224 3.555835666585573e-221
-5.554284530926238e-224 5.490175566289683e-222
-3.212093932598147e-224 2.342190598328091e-221
-2.431153131541029e-224 7.809408010571181e-222
-1.840685789125398e-224 5.904673424156305e-222
-1.662264342300858e-224 1.784214468245397e-222
-1.06230929361827e-224 5.999550486825883e-222
-9.744010318130125e-225 8.790826180525758e-223
-6.911758445062274e-225 2.832251873067851e-222
-5.740044179859852e-225 1.171714265202423e-222
-5.232272338656165e-225 5.07771841203686e-223
-3.310935472470004e-225 1.921336866186161e-222
-2.305645116089695e-225 1.005290356380309e-222
-1.908670339376915e-225 3.969747767127805e-223
-1.33498673059788e-225 5.736836087790351e-223
-1.21222448437217e-225 1.227622462257099e-223
-7.766179132356078e-226 4.356065711365621e-223
-5.983311441991592e-226 1.782867690364485e-223
-7.259957414047045e-226 -1.276645972055453e-223
-4.264086433169184e-226 2.995870980877861e-223
-3.001113626014409e-226 1.262972807154775e-223
-2.309589921745499e-226 6.915237042689097e-224
-2.100037512143588e-226 2.095524096019112e-224
-1.509717938753499e-226 5.903195733900885e-224
-1.17715981764967e-226 3.325581211038289e-224
-8.604884220816119e-227 3.166713955680583e-224
-7.825546355378233e-227 7.793378654378858e-225
-5.854799420333445e-227 1.970746935044788e-224
-5.035640109708802e-227 8.191593106246439e-225
-3.964983837871515e-227 1.070656271837286e-224
-3.099206467048337e-227 8.657773708231785e-225
-2.407494735541826e-227 6.917117315065102e-225
-1.867472214212518e-227 5.400225213293086e-225
-1.2866524745078e-227 5.808197397047173e-225
-9.139037879132273e-228 3.727486865945731e-225
-8.27966768254096e-228 8.593701965913129e-226
-6.094609296865585e-228 2.185058385675375e-225
-3.757388034595634e-228 2.337221262269951e-225
-3.195387498507839e-228 5.620005360877956e-226
-2.018773241763782e-228 1.176614256744057e-225
-2.84755571462109e-228 -8.287824728573085e-226
-1.393377938400903e-228 1.454177776220188e-225
-1.293565255277527e-228 9.981268312337544e-227
-5.982492008613559e-229 6.953160544161712e-226
6.613396928954714e-229 1.259588893756827e-225
1.834238096593009e-228 1.172898403697537e-225
3.425851972402013e-228 1.591613875809004e-225
4.766206650117429e-228 1.340354677715416e-225
6.126234832990336e-228 1.360028182872907e-225
7.840263957959012e-228 1.714029124968675e-225
9.392348989923397e-228 1.552085031964385e-225
9.616912828853606e-228 2.245638389302088e-226
1.188349268416324e-227 2.266579855309638e-225
1.301594554100842e-227 1.132452856845178e-225
1.298133806658514e-227 -3.460747442328728e-227
1.471996962282306e-227 1.738631556237925e-225
1.433117071111093e-227 -3.887989117121285e-226
1.54801712203809e-227 1.149000509269969e-225
1.630135566397278e-227 8.211844435918814e-226
1.633298605172214e-227 3.163038774935908e-227
1.60340281029033e-227 -2.989579488188385e-226
1.775451385108982e-227 1.72048574818652e-225
1.839008018237013e-227 6.355663312803081e-226
1.869015968070982e-227 3.000794983396887e-226
1.965384500889975e-227 9.636853281899328e-226
2.054884882894267e-227 8.950038200429157e-226
2.110725649216101e-227 5.584076632183431e-226
2.345787929988041e-227 2.350622807719401e-225
2.405148030900814e-227 5.936010091277253e-226
2.663880519700636e-227 2.587324887998223e-225
2.855047818951794e-227 1.911672992511581e-225
3.046957831617619e-227 1.919100126658252e-225
3.03412759027493e-227 -1.283024134268982e-226
3.326253260155135e-227 2.921256698802051e-225
3.51096223403549e-227 1.847089738803558e-225
3.668080634493157e-227 1.571184004576663e-225
3.797745293443749e-227 1.296646589505923e-225
4.109563363194934e-227 3.118180697511853e-225
4.244761466180368e-227 1.351981029854334e-225
4.492519001013743e-227 2.477575348333755e-225
4.632089441896565e-227 1.395704408828212e-225
4.816047667803668e-227 1.839582259071033e-225
4.985309152797569e-227 1.692614849939015e-225
5.206560900701939e-227 2.212517479043695e-225
5.140122106915683e-227 -6.643879378625568e-226
5.591578416306454e-227 4.514563093907706e-225
5.762930908785068e-227 1.713524924786144e-225
5.92520808549857e-227 1.622771767135019e-225
5.926522082199442e-227 1.313996700871661e-227
6.203267876342663e-227 2.767457941432208e-225
6.289604882846662e-227 8.63370065039998e-226
6.393344445903196e-227 1.037395630565331e-225
6.571386516505393e-227 1.780420706021978e-225
6.524199779349773e-227 -4.718673715562079e-226
6.966127032424209e-227 4.41927253074437e-225
7.094635934939388e-227 1.285089025151788e-225
7.254318033910538e-227 1.596820989711496e-225
7.585946157789147e-227 3.316281238786087e-225
7.81835893567794e-227 2.324127778887935e-225
8.027472280092576e-227 2.09113344414636e-225
8.094646271416938e-227 6.717399132436227e-226
8.324380167684108e-227 2.297338962671699e-225
8.626000635946367e-227 3.016204682622584e-225
8.733128795894215e-227 1.071281599478481e-225
9.029607506468122e-227 2.964787105739076e-225
9.25900330238966e-227 2.293957959215377e-225
9.455445601734917e-227 1.964422993452565e-225
9.648812589299183e-227 1.93366987564266e-225
9.799556757618248e-227 1.507441683190657e-225
9.693607911439352e-227 -1.059488461788966e-225
1.010056251330738e-226 4.06954601868032e-225
1.032646145506543e-226 2.258989417580499e-225
1.041673173641546e-226 9.027028135002997e-226
1.065937925453975e-226 2.426475181242893e-225
1.079247035439094e-226 1.330910998511861e-225
1.095835875580653e-226 1.658884014155906e-225
1.114408173108752e-226 1.857229752809855e-225
1.133931673155841e-226 1.952350004708975e-225
1.130510216350387e-226 -3.421456805454409e-226
1.144573230595432e-226 1.406301424504555e-225
1.08797164001737e-226 -5.660159057806274e-225
1.010107741539231e-226 -7.786389847813918e-225
8.089519671723944e-227 -2.011557743668361e-224
5.860632041213099e-227 -2.228887630510846e-224
3.658011200072482e-227 -2.202620841140616e-224
2.155951935879787e-227 -1.502059264192695e-224
1.487996640420341e-227 -6.679552954594468e-225
1.035275044494818e-227 -4.527215959255228e-225
3.913486385499952e-228 -6.439264059448224e-225
3.715385517748415e-228 -1.981008677515378e-226
1.636139014830547e-227 1.264600463055705e-224
2.834348478676409e-227 1.198209463845862e-224
4.382824282834274e-227 1.548475804157866e-224
5.451126386119022e-227 1.068302103284747e-224
5.593542090522182e-227 1.424157044031605e-225
5.423642459335258e-227 -1.698996311869242e-225
5.115611091887706e-227 -3.080313674475519e-225
4.383538524042261e-227 -7.320725678454451e-225
3.755573557578303e-227 -6.279649664639578e-225
2.426930400736737e-227 -1.328643156841566e-224
1.112757476137022e-227 -1.314172924599715e-224
2.49353626867933e-228 -8.634038492690886e-225
-5.124129642995454e-228 -7.617665911674783e-225
-5.666283384874749e-228 -5.421537418792954e-226
-3.267403749375688e-228 2.398879635499061e-225
3.349300802275247e-228 6.616704551650934e-225
8.399314022360098e-228 5.050013220084851e-225
2.083143317366712e-227 1.243211915130702e-224
2.969385274027535e-227 8.862419566608225e-225
3.939125038091307e-227 9.697397640637722e-225
4.645929093583968e-227 7.068040554926612e-225
4.93531453989187e-227 2.89385446307902e-225
4.647404576511816e-227 -2.879099633800543e-225
3.690371962215564e-227 -9.570326142962519e-225
3.199247880027102e-227 -4.911240821884617e-225
2.469366898534935e-227 -7.298809814921676e-225
1.433720283720277e-227 -1.035646614814657e-224
3.608372536230337e-228 -1.072883030097244e-224
-6.973849773424557e-229 -4.305757513572793e-225
-3.580737192351107e-228 -2.883352215008651e-225
-3.034655739567036e-228 5.460814527840709e-226
6.089966051273533e-228 9.124621790840569e-225
1.087553290804389e-227 4.785566856770359e-225
1.952532831867031e-227 8.649795410626417e-225
2.720608796820097e-227 7.680759649530663e-225
3.570229463437575e-227 8.496206666174777e-225
4.091166784633057e-227 5.209373211954822e-225
4.181127379551493e-227 8.996059491843619e-226
3.829992605998078e-227 -3.511347735534152e-225
3.373421644363286e-227 -4.565709616347921e-225
2.777246978642039e-227 -5.961746657212464e-225
2.124148071717123e-227 -6.53098906924916e-225
1.238163704320101e-227 -8.859843673970225e-225
5.896098665749435e-228 -6.485538377451574e-225
-8.446926627359805e-230 -5.980567932023033e-225
-2.272863457217728e-228 -2.18839419094413e-225
5.133257676728145e-228 7.406121133945873e-225
8.647237995323608e-228 3.513980318595463e-225
1.268275166661097e-227 4.035513671287361e-225
2.183181384328897e-227 9.149062176677998e-225
2.800998782506205e-227 6.178173981773084e-225
3.59691167781923e-227 7.959128953130251e-225
3.814748438998721e-227 2.178367611794913e-225
3.96355846503103e-227 1.488100260323089e-225
3.325492476180551e-227 -6.380659888504789e-225
2.981803953367819e-227 -3.436885228127328e-225
2.506065471968396e-227 -4.757384813994221e-225
1.579463080438367e-227 -9.266023915300297e-225
1.058090529621871e-227 -5.213725508164954e-225
4.318503552251902e-228 -6.262401743966811e-225
-2.905176461543676e-229 -4.60902119840627e-225
6.545234530190518e-229 9.450410991734194e-226
1.929769709175287e-228 1.275246256156236e-225
1.262145350366131e-227 1.069168379448602e-224
1.382369954579461e-227 1.202246042133298e-225
2.125706306670462e-227 7.43336352091001e-225
2.854298799553036e-227 7.285924928825744e-225
3.268232564421444e-227 4.13933764868408e-225
3.506540580670793e-227 2.383080162493484e-225
3.541332606398168e-227 3.479202572737528e-226
3.25512111139682e-227 -2.862114950013481e-225
2.296916769345934e-227 -9.582043420508856e-225
2.120845167045234e-227 -1.760716023007001e-225
1.36670704416846e-227 -7.541381228767739e-225
6.706384509780073e-228 -6.960685931904527e-225
1.933008913773133e-228 -4.77337559600694e-225
4.539283241063449e-230 -1.887616081362499e-225
-2.298180470513813e-20 -2.298180470513813e-17
-0.04145507445181371 -41.45507445181372
-0.03447066928406867 6.984405167745046
-0.1188162332828012 -84.34556399873256
-0.2757731802984191 -156.9569470156179
-0.4359481719584139 -160.1749916599948
-0.5348920295430397 -98.94385758462582
-0.5881621972879267 -53.27016774488702
-0.7050044782781231 -116.8422809901963
-0.7434898810211583 -38.48540274303524
-0.6913712145076693 52.11866651348906
-0.6897651326791049 1.606081828564365
-0.688332140111779 1.432992567325875
-0.6345760791196957 53.7560609920833
-0.7627291855691254 -128.1531064494297
-0.8739934078297172 -111.2642222605919
-1.000284952839067 -126.2915450093499
-1.010085106999875 -9.80015416080815
-1.122339303121507 -112.2541961216319
-0.9317469246959983 190.5923784255089
-1.016678510485955 -84.93158578995674
-0.9856631354784505 31.01537500750451
-0.8441996858626046 141.4634496158459
-0.789654163992821 54.54552186978368
-0.7147349154964747 74.91924849634623
-0.6097660942467006 104.9688212497741
-0.5362133306406874 73.55276360601314
-0.5173038567334818 18.90947390720565
-0.4684717817488758 48.83207498460595
-0.4256148158437622 42.85696590511362
-0.4617582132408466 -36.14339739708444
-0.4537168635585105 8.041349682336108
-0.4741587968426806 -20.44193328417004
-0.5145513465714796 -40.39254972879902
-0.5398675205089869 -25.31617393750729
-0.5786578180010776 -38.79029749209073
-0.6248074568796894 -46.14963887861179
-0.6815770961258946 -56.76963924620515
-0.7387740144423514 -57.19691831645679
-0.785844962197437 -47.07094775508569
-0.8404660307810412 -54.62106858360416
-0.8653841535969178 -24.91812281587658
-0.9118408010803947 -46.45664748347689
-0.920613828677331 -8.773027596936322
-0.894096344470678 26.51748420665301
-0.9694063655056995 -75.31002103502149
-0.9768935608720718 -7.487195366372323
-0.9773366461237063 -0.4430852516345007
-0.9648094073881591 12.52723873554717
-0.9677042553892996 -2.894848001140482
-0.9525969418721313 15.10731351716832
-0.9515028569642463 1.094084907884985
-0.9468214814457169 4.681375518529429
-0.928453771996691 18.36770944902588
-0.9184498640559324 10.00390794075856
-0.9112740003435668 7.175863712365671
-0.9062149538008463 5.059046542720491
-0.9209184985720803 -14.70354477123403
-0.901840491041735 19.07800753034527
-0.9101629263816493 -8.32243533991428
-0.9140784038299909 -3.915477448341642
-0.9028974684391239 11.18093539086706
-0.9102992334572894 -7.401765018165474
-0.9058375395667879 4.461693890501439
-0.9091096500016476 -3.272110434859643
-0.9123076280647853 -3.197978063137707
-0.9063338621958101 5.973765868975134
-0.9037808077424307 2.553054453379389
-0.8980706753205161 5.710132421914649
-0.8922494445083322 5.821230812183886
-0.883156683975742 9.092760532590226
-0.8730828284451689 10.07385553057305
-0.8578519437713185 15.23088467385048
-0.8442943124698555 13.55763130146292
-0.8275514075713691 16.7429048984864
-0.8096952167012504 17.85619087011869
-0.7956321548226627 14.06306187858775
-0.7857524777790543 9.879677043608369
-0.7544551829493618 31.29729482969257
-0.7323407025391113 22.11448041025044
-0.7145796647335082 17.76103780560312
-0.6951530095069129 19.42665522659526
-0.6674407778010272 27.71223170588577
-0.6447477614534545 22.6930163475727
-0.6330809636798993 11.66679777355517
-0.6375128794724499 -4.431915792550645
-0.5919147688603966 45.59811061205332
-0.5789036160169305 13.0111528434661
-0.5546063426457908 24.29727337113974
-0.5360433962877083 18.56294635808253
-0.5266076120491798 9.435784238528422
-0.5056493690521974 20.95824299698246
-0.4909638918332097 14.68547721898772
-0.48202485308485 8.939038748359662
-0.4844147501214947 -2.389897036644661
-0.4574670442850687 26.94770583642597
-0.4485444007106966 8.922643574372058
-0.4392399994250614 9.304401285635254
-0.4311926274445811 8.047371980480222
-0.4244567083848375 6.735919059743633
-0.4180883613562999 6.368347028537613
-0.4131531058724711 4.935255483828837
-0.4050241246329955 8.128981239475586
-0.4069692093989753 -1.945084765979821
-0.4103159663647686 -3.346756965793285
-0.4104961996694387 -0.1802333046700966
-0.4119440797655538 -1.447880096115128
-0.4123407401892575 -0.3966604237037319
-0.4186492791365152 -6.308538947257635
-0.4152852113327362 3.364067803778958
-0.4189743025993906 -3.689091266654398
-0.4300643750000053 -11.09007240061471
-0.4387352927754977 -8.670917775492393
-0.4486307201198099 -9.895427344312147
-0.4575530832343987 -8.922363114588883
-0.4666649258509966 -9.111842616597865
-0.4729046007008499 -6.239674849853271
-0.4851872208048966 -12.28262010404668
-0.4913056833685093 -6.118462563612703
-0.4960678428081611 -4.762159439651803
-0.5091393997633954 -13.07155695523432
-0.5185607535839816 -9.421353820586175
-0.527639955327448 -9.079201743466436
-0.5351471010570459 -7.507145729597875
-0.5397461634746735 -4.599062417627642
-0.5479022509709515 -8.156087496277941
-0.552786946401045 -4.884695430093511
-0.5560345518325736 -3.247605431528577
-0.561930204430912 -5.895652598338463
-0.5657158499368826 -3.785645505970603
-0.5693459782917576 -3.630128354874973
-0.5726296590548244 -3.283680763066843
-0.5722048224768463 0.4248365779780938
-0.5729905023319336 -0.7856798550872623
-0.5730722030538569 -0.08170072192326128
-0.5739387788293985 -0.8665757755416115
-0.5715013767469718 2.43740208242671
-0.5709201791118854 0.5811976350863501
-0.5681832874794378 2.736891632447613
-0.564825204706654 3.358082772783821
-0.5602894590205444 4.535745686109593
-0.5559082854686017 4.381173551942674
-0.5508066518627373 5.101633605864464
-0.5471724487131259 3.634203149611381
-0.5404798507523768 6.692597960749058
-0.5336942928697777 6.785557882599158
-0.5272724686107962 6.421824258981412
-0.5177851894315938 9.487279179202446
-0.5115087106525974 6.276478778996397
-0.5050143756239144 6.494335028683018
-0.5005110241687506 4.503351455163784
-0.5027565737694835 -2.245549600732866
-0.5050380282695082 -2.281454500024704
-0.5103180299319531 -5.280001662444911
-0.5175525236432709 -7.234493711317791
-0.5220463166183219 -4.493792975051036
-0.5285754502352052 -6.529133616883342
-0.5369434575837103 -8.368007348505069
-0.5443232567199208 -7.379799136210452
-0.5515792242918715 -7.255967571950683
-0.5532465558708978 -1.667331579026321
-0.5638627519780123 -10.61619610711451
-0.5714161254598795 -7.553373481867243
-0.5758611373630436 -4.445011903164042
-0.5802040534289515 -4.342916065907976
-0.5864936424500662 -6.28958902111465
-0.5910091688751158 -4.515526425049599
-0.5975678378084242 -6.558668933308365
-0.6003655330957698 -2.797695287345636
-0.6077398164914632 -7.374283395693459
-0.6131157451672291 -5.375928675765862
-0.6183753760398174 -5.259630872588295
-0.6235073727751147 -5.131996735297295
-0.6285196769880846 -5.012304212969942
-0.6334141960619774 -4.894519073892711
-0.638192629396426 -4.778433334448606
-0.6447610762527314 -6.568446856305421
-0.6488104615711727 -4.049385318441345
-0.6538857031702758 -5.075241599103109
-0.6567358258312432 -2.850122660967402
-0.6645656624615663 -7.829836630323106
-0.6686894783301087 -4.12381586854238
-0.6738857106719401 -5.196232341831419
-0.6789910782121794 -5.10536754023927
-0.6844861840254303 -5.495105813250856
-0.6892146479179165 -4.728463892486268
-0.6946100685405708 -5.395420622654301
-0.6997619102613186 -5.151841720747785
-0.7055027976347258 -5.740887373407166
-0.7128930386916198 -7.390241056894009
-0.7237958119984009 -10.90277330678113
-0.7314928360306079 -7.697024032206956
-0.737747706980924 -6.254870950316072
-0.7456997854205534 -7.952078439629418
-0.7504249399002952 -4.725154479741867
-0.7525869083918009 -2.161968491505628
-0.7540771717776271 -1.490263385826252
-0.7519875279254786 2.089643852148493
-0.7486047502442845 3.382777681194105
-0.7436060151375042 4.998735106780283
-0.7377287947474442 5.877220390060001
-0.7302611246941255 7.46767005331872
-0.7211850836611341 9.076041032991421
-0.7117884705614386 9.396613099695527
-0.6980774787389713 13.71099182246727
-0.6840315030582036 14.04597568076771
-0.6664096936955295 17.6218093626741
-0.645949209620731 20.4604840747985
-0.621467716545406 24.48149307532499
-0.5916080348532577 29.85968169214825
-0.5552735808934975 36.3344539597602
-0.5154147066471891 39.8588742463084
-0.4719237567838769 43.49094986331225
-0.424724133895281 47.19962288859586
-0.3781332673717285 46.59086652355249
-0.3786693037709817 -0.5360363992532036
-0.3673360816092425 34.568226485716
0 0
0 0
0 0
