0.007489635787453592 7.489635787453592
0.007358073676098484 -0.1315621113551083
0.007464307523431741 0.1062338473332572
0.007577124408859806 0.112816885428065
0.007665835299849815 0.08871089099000885
0.007646485066769235 -0.01935023308058045
0.007772325976726513 0.1258409099572783
0.007950128920928919 0.1778029442024058
0.008325157804191696 0.3750288832627766
0.009513861154129801 1.188703349938105
0.01196890733014428 2.455046176014481
0.0169488036475832 4.979896317438914
0.02490020372279239 7.951400075209198
0.03645919374185531 11.55899001906291
0.05076936400854914 14.31017026669384
0.06773098196341511 16.96161795486596
0.08219314538717606 14.46216342376096
0.1020420135929726 19.84886820579651
0.1185812317020203 16.53921810904771
0.1465953046324634 28.01407293044308
0.1738884018617974 27.29309722933404
0.201856779490775 27.96837762897755
0.2338432914615836 31.9865119708086
0.2624684227341847 28.62513127260119
0.2755304723254818 13.06204959129709
0.3041445187889831 28.61404646350124
0.3203403610944629 16.19584230547983
0.3222033141864899 1.862953092026998
0.3309133245676161 8.710010381126231
0.3272632404363318 -3.650084131284315
0.3195973982667215 -7.665842169610304
0.3108256541498198 -8.771744116901681
0.2988846642796511 -11.94098987016873
0.2827551825222047 -16.12948175744644
0.2682891208034964 -14.46606171870823
0.2551055702803738 -13.18355052312264
0.2362866286964185 -18.81894158395528
0.2314766534577837 -4.809975238634773
0.2217885852369112 -9.688068220872509
0.2146583391270093 -7.1302461099019
0.2113140986829606 -3.344240444048713
0.20675713303352 -4.556965649440609
0.2060514295802001 -0.7057034533198558
0.206486822953089 0.4353933728888371
0.2104514635739761 3.964640620887083
0.2128859925572359 2.434528983259881
0.2169473893058815 4.061396748645529
0.2215919970166932 4.64460771081171
0.2244747444095546 2.882747392861373
0.2273807725111095 2.906028101554936
0.2288277772453394 1.447004734229929
0.2292618054158466 0.4340281705071669
0.2274524214354857 -1.809383980360874
0.22597969893633 -1.472722499155754
0.2238329237995487 -2.146775136781298
0.2192287624177494 -4.604161381799226
0.2133709999917324 -5.857762426017016
0.2072695788982727 -6.10142109345968
0.2034103592750311 -3.859219623241594
0.1932777398241586 -10.13261945087257
0.1867402789491039 -6.537460875054718
0.1776547086115962 -9.085570337507621
0.168786298569517 -8.868410042079194
0.1619951449826291 -6.791153586887949
0.1543790173476104 -7.616127635018649
0.1433249038551217 -11.05411349248878
0.1419990434667276 -1.325860388394051
0.1266662810212394 -15.33276244548823
0.1178170006380285 -8.849280383210935
0.1102851642250506 -7.531836412977833
0.1017238123607697 -8.561351864280892
0.09323506097105873 -8.488751389711002
0.0920248929283663 -1.21016804269243
0.08032354420084857 -11.70134872751773
0.07846356351851058 -1.859980682337989
0.06371980205235966 -14.74376146615092
0.05644165587766024 -7.278146174699421
0.04985587268619401 -6.585783191466237
0.04837394336799031 -1.481929318203699
0.03961199893113703 -8.761944436853277
0.03931104300113047 -0.3009559300065634
0.03267443453750229 -6.636608463628179
0.03135830748435416 -1.316127053148125
0.03234310278105265 0.9847952966984888
0.02562744293754186 -6.715659843510795
0.02172193541962715 -3.905507517914703
0.02081217435855928 -0.9097610610678785
0.01762383814794997 -3.188336210609301
0.01790426841059069 0.2804302626407129
0.01416674642209118 -3.737521988499509
0.01265549541622525 -1.511251005865926
0.01506862342227033 2.41312800604508
0.01099918369468211 -4.069439727588218
0.009179680924371072 -1.819502770311043
0.008140504719666633 -1.039176204704438
0.0079296533863959 -0.2108513332707337
0.006866228975172985 -1.063424411222915
0.006288994291216674 -0.5772346839563111
0.005663267133764282 -0.6257271574523918
0.005582615852349548 -0.08065128141473456
0.005155073842082619 -0.4275420102669292
0.004994466566577925 -0.1606072755046938
0.004775666156651721 -0.218800409926204
0.004598794378442698 -0.1768717782090227
0.004457645138249739 -0.1411492401929594
0.004344202126856045 -0.1134430113936937
0.0042177847415552 -0.1264173853008452
0.004145249618940143 -0.07253512261505643
0.004129445549900962 -0.01580406903918096
0.004068959712304039 -0.06048583759692312
0.004011207089424593 -0.05775262287944626
0.003985491366141166 -0.02571572328342701
0.003943383417535624 -0.04210794860554177
0.003934045629769451 -0.009337787766173361
0.003894146277757883 -0.03989935201156738
0.003875814164082592 -0.01833211367529165
0.003862294405492079 -0.01351975859051292
0.003839999134390834 -0.02229527110124505
0.003822301059351485 -0.01769807503934845
0.003806173045271248 -0.01612801408023678
0.003791026750383755 -0.01514629488749307
0.003780855898348335 -0.01017085203541997
0.003764650734664935 -0.01620516368340064
0.00374873420388011 -0.01591653078482488
0.003734883394312452 -0.01385080956765828
0.003717777641465964 -0.01710575284648774
0.003702042631684633 -0.01573500978133135
0.003686090030717616 -0.01595260096701667
0.003675745646593473 -0.01034438412414332
0.003664827506178107 -0.01091814041536548
0.003651633320429019 -0.01319418574908821
0.003635671355572949 -0.01596196485607014
0.003620210787761412 -0.01546056781153663
0.003594490186117755 -0.02572060164365755
0.003578166558858033 -0.01632362725972111
0.003554086656362781 -0.02407990249525278
0.003532819647562901 -0.02126700879987939
0.003509664892524245 -0.02315475503865665
0.003485057352322667 -0.02460754020157732
0.003459664358861498 -0.02539299346116962
0.003438970461227418 -0.02069389763407993
0.003429057735090605 -0.009912726136812513
0.003411825104476118 -0.01723263061448755
0.003409853794019518 -0.001971310456600015
0.003417152570753002 0.007298776733484589
0.003435005894368627 0.01785332361562428
0.003450000167929839 0.01499427356121269
0.003469957944331228 0.01995777640138906
0.003488632985918861 0.01867504158763319
0.003509749397146502 0.02111641122764076
0.003521737582493811 0.01198818534730922
0.003534302782744345 0.01256520025053358
0.003539554164730841 0.005251381986495773
0.003546367456845452 0.006813292114610757
0.003546702896078493 0.0003354392330411765
0.003543364870573434 -0.003338025505058868
0.00353856252833523 -0.004802342238203854
0.003544307630038641 0.00574510170341146
0.003519077987547885 -0.02522964249075665
0.003507980124350809 -0.01109786319707573
0.003495953431836844 -0.01202669251396549
0.003492976853591905 -0.002976578244938931
0.00347209970754504 -0.02087714604686501
0.0034604424801263 -0.01165722741873964
0.003448266308089341 -0.01217617203695892
0.003434633401351054 -0.01363290673828685
0.003432555351176995 -0.002078050174059327
0.003402559120330426 -0.02999623084656844
0.003390979453025434 -0.01157966730499279
0.003379256372517109 -0.01172308050832434
0.003356964422198253 -0.02229195031885596
0.003340650690175559 -0.01631373202269464
0.003325096561265927 -0.01555412890963219
0.00331923235043183 -0.005864210834096665
0.003305849348823222 -0.01338300160860827
0.003280691242364623 -0.02515810645859883
0.003271706147984762 -0.008985094379861114
0.003250645891564189 -0.02106025642057297
0.003228815602695972 -0.02183028886821627
0.00321121856290648 -0.01759703978949229
0.00319360764409356 -0.01761091881292065
0.003179081018172463 -0.01452662592109615
0.003189586499919768 0.01050548174730487
0.003152111406051835 -0.03747509386793288
0.003129827150691594 -0.02228425536024122
0.003125452316820237 -0.004374833871356645
0.00309723978339592 -0.02821253342431742
0.003083086396251047 -0.01415338714487327
0.003063370702553718 -0.01971569369732832
0.003051931036307466 -0.01143966624625285
0.00305187550008147 -5.553622599600502e-05
0.003071690159430151 0.01981465934868107
0.003060154089347222 -0.01153607008292897
0.003079862279605839 0.01970819025861681
0.003076718117921832 -0.003144161684006958
0.003069902710351514 -0.006815407570317632
0.003055897957765649 -0.01400475258586447
0.003039855023796454 -0.01604293396919535
0.003025623086541793 -0.01423193725466143
0.003013567058154695 -0.01205602838709767
0.002997139232749922 -0.01642782540477302
0.002981217820711201 -0.01592141203872119
0.002962879344989868 -0.01833847572133267
0.002957081419155408 -0.005797925834459972
0.002947776765187265 -0.009304653968143436
0.002949708633780698 0.001931868593433445
0.002939713215103171 -0.009995418677527599
0.002941536193780973 0.001822978677802276
0.002919506258447508 -0.02202993533346499
0.002906259214816385 -0.01324704363112311
0.00289505520828742 -0.01120400652896477
0.002871690312893057 -0.02336489539436336
0.00286456057285866 -0.007129740034396859
0.002864110846353955 -0.000449726504704942
0.002830274591277464 -0.03383625507649094
0.0028151830425217 -0.01509154875576355
0.002822766879871999 0.00758383735029915
0.002795452021130776 -0.02731485874122317
0.002800957640532347 0.005505619401570665
0.002755260935755939 -0.04569670477640825
0.002747241251328541 -0.008019684427397304
0.002720768782870508 -0.02647246845803326
0.002714388280729006 -0.006380502141502264
0.002687628520295657 -0.02675976043334857
0.002699044678396506 0.01141615810084902
0.00265383993103348 -0.04520474736302614
0.002657258853803057 0.003418922769577153
0.002638987010566252 -0.01827184323680529
0.002605251899140612 -0.03373511142563956
0.002587193945206288 -0.01805795393432447
0.002574712557036341 -0.01248138816994709
0.002560776785902207 -0.01393577113413362
0.002557420454295646 -0.003356331606561586
0.002524152225318049 -0.03326822897759722
0.002526141838796223 0.001989613478174928
0.00250156168215174 -0.02458015664448315
0.002483420435442232 -0.01814124670950802
0.00247070875672981 -0.01271167871242209
0.00244896038712284 -0.02174836960696985
0.002433473733175318 -0.01548665394752232
0.002425030260510268 -0.0084434726650498
0.002421028074324972 -0.004002186185295825
0.002413935556049688 -0.007092518275284444
0.002387356497697577 -0.02657905835211057
0.002366278991263443 -0.0210775064341342
0.002352813596296594 -0.01346539496684899
0.002346565906548886 -0.006247689747707758
0.002327860513221684 -0.01870539332720278
0.002319978740215604 -0.007881773006079666
0.002328705752839335 0.00872701262373066
0.002309373785068669 -0.01933196777066572
0.002283155847308582 -0.02621793776008642
0.002279594209306587 -0.003561638001995434
0.002262992374304458 -0.01660183500212927
0.002256597924216462 -0.006394450087995364
0.00224798207286537 -0.008615851351092066
0.002232581925481955 -0.01540014738341498
0.002244883648164621 0.01230172268266603
0.002222730108575762 -0.02215353958885929
0.002212249381692065 -0.01048072688369711
0.002209980735996222 -0.002268645695842862
0.002191550421652029 -0.01843031434419331
0.002184084901379463 -0.007465520272565817
0.002177789489263612 -0.006295412115851339
0.002181356710864373 0.003567221600761505
0.002164531111233861 -0.0168255996305126
0.002182894797410569 0.01836368617670874
0.002152587759169603 -0.0303070382409662
0.002150767170353628 -0.001820588815975611
0.002146276071854923 -0.004491098498704982
0.002134832379136037 -0.0114436927188856
0.002133498697453636 -0.001333681682401128
0.002127070146140329 -0.006428551313306802
0.002123170452735687 -0.003899693404642215
0.002131200814690765 0.008030361955077905
0.002110350939567439 -0.02084987512332567
0.002105611597699925 -0.004739341867513597
0.002101005556008398 -0.004606041691527282
0.00210930735961305 0.008301803604652061
0.002096104744035909 -0.01320261557714126
0.002091374961953823 -0.00472978208208635
0.002100757589555528 9.63534848362306e-05
0.002111188857027965 0.01043126747243698
0.002123260886365958 0.0120720293379931
0.002169710074022428 0.04644918765647028
0.002216568418526951 0.04685834450452288
0.002272722987507293 0.05615456898034124
0.002270801747384667 -0.001921240122625123
0.002233873899992003 -0.03692784739266425
0.002231628699750294 -0.00224520024170961
0.002196781989431641 -0.03484671031865269
0.002195130335257011 -0.001651654174630347
0.002256953770508155 0.06182343525114493
0.002341185449625582 0.08423167911742607
0.002418014641129616 0.0768291915040349
0.002423405778872171 0.005391137742554765
0.002414728701600962 -0.008677077271208866
0.002467938424156076 0.05320972255511364
0.002678749038305451 0.2108106141493751
0.002938036487434611 0.25928744912916
0.003239538276753979 0.3015017893193681
0.003606339570574223 0.3668012938202437
0.004110579198816263 0.5042396282420405
0.004469795987730825 0.359216788914562
0.005206401362245426 0.7366053745146003
0.00572824757462311 0.5218462123776842
0.006490056717911941 0.7618091432888309
0.009363118933848946 2.873062215937005
0.01137513456227401 2.012015628425068
0.0133388955055771 1.96376094330309
0.01301638019346772 -0.3225153121093824
0.01033165297770423 -2.684727215763488
0.008998103755681499 -1.333549222022735
0.00701283003314487 -1.985273722536629
0.005422524287772985 -1.590305745371885
0.005133941772371522 -0.2885825154014627
0.004821082830806946 -0.3128589415645764
0.005133641023706273 0.3125581928993268
0.00520613546936234 0.0724944456560678
0.004563134975706198 -0.6430004936561423
0.004674651484480393 0.1115165087741954
0.004750361066688647 0.07570958220825315
0.004837259286250612 0.08689821956196514
0.004878439930967836 0.04118064471722409
0.004881358327211459 0.002918396243623174
0.005017693117732664 0.136334790521205
0.005080687675559009 0.06299455782634525
0.005169036258206714 0.08834858264770463
0.005285516303273456 0.1164800450667424
0.00549228535162117 0.2067690483477137
0.00565795905399419 0.1656737023730198
0.005934080029167508 0.2761209751733183
0.006018132726138936 0.08405269697142788
0.006314142985500723 0.2960102593617866
0.006557554620600135 0.2434116350994121
0.006725119375422991 0.1675647548228564
0.006843476123997317 0.1183567485743258
0.006748968129193112 -0.09450799480420491
0.006971674611954836 0.2227064827617243
0.00702603238939761 0.05435777744277389
0.007283851684825168 0.2578192954275577
0.007657532066252659 0.3736803814274907
0.008008306464909229 0.3507743986565703
0.008294987239365977 0.2866807744567479
0.008535957204972165 0.2409699656061876
0.008613576588378477 0.0776193834063129
0.008910838453672286 0.2972618652938089
0.009140775707134279 0.2299372534619922
0.009295434668845678 0.1546589617114
0.009403608026606492 0.1081733577608136
0.01021290595507154 0.8092979284650449
0.01017719693710838 -0.03570901796316056
0.01028782404153102 0.1106271044226462
0.01057240860825429 0.2845845667232647
0.01096483393650406 0.3924253282497764
0.01105373367081944 0.08889973431537752
0.01118980052428208 0.1360668534626397
0.01132961207665419 0.1398115523721082
0.01153402358858896 0.2044115119347756
0.01167818674190042 0.14416315331146
0.01173589000980027 0.05770326789984216
0.01181124606158561 0.07535605178534029
0.01190165546978109 0.09040940819547878
0.01193924354301765 0.03758807323656597
0.01191985758520317 -0.01938595781448074
0.01188289701542833 -0.03696056977484097
0.01194487469370744 0.06197767827911121
0.01203589230208912 0.0910176083816789
0.01203860689621141 0.002714594122292177
0.01210500518652671 0.06639829031530008
0.0122608637607329 0.1558585742061878
0.0122845972869011 0.02373352616820423
0.01237102166067189 0.0864243737707833
0.01229003490557514 -0.08098675509675239
0.01259797515776516 0.3079402521900237
0.01231994140625599 -0.2780337515091678
0.01265870784258556 0.3387664363295722
0.01265017070267566 -0.008537139909907746
0.01285441857620991 0.2042478735342513
0.01286535009801505 0.01093152180514471
0.01297805200839909 0.1127019103840405
0.01321677308376192 0.2387210753628261
0.01281191759129782 -0.4048554924640981
0.01323547620709783 0.4235586158000144
0.01310315995646804 -0.1323162506297985
0.01334805594808536 0.2448959916173231
0.01341771334553824 0.06965739745287865
0.01328279633663577 -0.1349170089024673
0.01390871751568586 0.625921179050087
0.01364365650184156 -0.2650610138443011
0.01392449680980955 0.2808403079679906
0.01391742608571242 -0.007070724097129125
0.01435595213686607 0.4385260511536541
0.01418338555738682 -0.1725665794792518
0.0142286210544228 0.04523549703597599
0.01461044802826126 0.3818269738384665
0.01482525761110554 0.2148095828442744
0.01490190974143637 0.07665213033083464
0.01538549749422059 0.4835877527842158
0.01567367124122269 0.2881737470021
0.01588061666948732 0.2069454282646321
0.01622305715175526 0.3424404822679437
0.0165533727631653 0.3303156114100348
0.01681903494559524 0.2656621824299425
0.01723963286761729 0.4205979220220507
0.01767853757196073 0.4389047043434416
0.01791060320308237 0.2320656311216342
0.01785409821457364 -0.05650498850873209
0.01834085595165311 0.4867577370794712
0.01867412211661841 0.3332661649653005
0.01893860686713764 0.2644847505192359
0.01918673373680167 0.2481268696640296
0.01945502792435107 0.2682941875493984
0.01967681414865127 0.2217862243001946
0.01981940481079147 0.1425906621402018
0.01982055790994201 0.001153099150538739
0.02008462668958695 0.2640687796449416
0.02020529776507363 0.1206710754866787
0.02019437649386045 -0.01092127121317746
0.02022966771381017 0.03529121994971796
0.02005194511907486 -0.1777225947353113
0.01987567333793318 -0.1762717811416743
0.019625665717383 -0.2500076205501772
0.01959378774278571 -0.03187797459729136
0.01913661827887039 -0.4571694639153266
0.01887520235370808 -0.2614159251623088
0.01930361679117295 0.4284144374648683
0.01865142134507993 -0.6521954460930109
0.01877509426332714 0.1236729182472092
0.01838201890064668 -0.3930753626804687
0.01828305887508247 -0.0989600255642091
0.01798687470508645 -0.2961841699960187
0.0181856451886945 0.1987704836080573
0.01763465300432662 -0.5509921843678822
0.01739481848439872 -0.2398345199279006
0.01715798578150549 -0.2368327028932291
0.01660380589314068 -0.5541798883648176
0.01635842377180593 -0.2453821213347501
0.01571819882939931 -0.6402249424066128
0.0153528765019305 -0.3653223274688137
0.01559201816480184 0.2391416628713446
0.01470756987211427 -0.8844482926875733
0.01442558919270297 -0.2819806794112957
0.01420776350164995 -0.2178256910530269
0.01392313629440337 -0.2846272072465766
0.01337884507470132 -0.5442912197020487
0.01325385119162773 -0.124993883073592
0.01268178018299651 -0.5720710086312228
0.01299970306507686 0.3179228820803497
0.01202573503540697 -0.9739680296698885
0.01167210558499704 -0.353629450409931
0.01132393755996894 -0.348168025028097
0.01098276751746496 -0.341170042503976
0.01064951964239746 -0.3332478750675046
0.01032557624743745 -0.3239433949600076
0.01001195646220226 -0.313619785235187
0.009411362615629285 -0.6005938465729801
0.009131751145908995 -0.2796114697202895
0.008908846334940806 -0.2229048109681896
0.008643535106211081 -0.2653112287297251
0.008180618543677447 -0.4629165625336332
0.007955828546148125 -0.2247899975293226
0.007703012371202527 -0.2528161749455974
0.007505405943739708 -0.1976064274628198
0.007213915030068054 -0.2914909136716541
0.007002219681625513 -0.21169534844254
0.006926483803175355 -0.07573587845015849
0.00666765666847807 -0.2588271346972851
0.006792725957514697 0.1250692890366273
0.00752821486343124 0.7354889059165426
0.008686045957671952 1.157831094240712
0.009391381414881083 0.7053354572091313
0.009738993903739723 0.3476124888586399
0.009890813558221342 0.1518196544816192
0.009984592918461451 0.09377936024010901
0.009904143580507462 -0.08044933795398924
0.01008820379419634 0.1840602136888754
0.01009918999800339 0.01098620380704865
0.009958670356817929 -0.1405196411854576
0.009806765864441683 -0.1519044923762453
0.009738496427757509 -0.06826943668417421
0.009637603750900304 -0.1008926768572057
0.009502857936125141 -0.1347458147751626
0.009354535077226995 -0.1483228588981464
0.009155906793789515 -0.1986282834374794
0.00897919217702842 -0.176714616761095
0.008797067246886449 -0.1821249301419709
0.008611849909953817 -0.1852173369326325
0.008407654171767184 -0.2041957381866324
0.008210892941837852 -0.1967612299293327
0.008032067347901845 -0.1788255939360068
0.007839918332212908 -0.1921490156889371
0.007645621652049957 -0.1942966801629503
0.007439566272910119 -0.2060553791398386
0.00721345944923787 -0.2261068236722487
0.007233429243803874 0.01996979456600403
0.007164106531515242 -0.1832795678161263
0 0
0 0
0 0
