-0.1423297447691347 25.5471158069861
-0.1450011961326579 -4.709221173695877
-0.1354522756644871 9.548920468170824
-0.1330811137382932 2.371161926193882
-0.1320357039352741 1.045409803019065
-0.1289157070192915 3.119996915982581
-0.125581020999484 3.334686019807492
-0.1257558675090854 -0.1748465096013951
-0.1190797083961686 6.676159112916857
-0.1201337971001643 -1.05408870399569
-0.1198184880352161 0.3153090649482132
-0.1228226040215834 -3.004115986367364
-0.1193603103971124 3.462293624471063
-0.1213631351016807 -2.00282470456839
-0.1163825035493932 4.980631552287576
-0.1168479090244517 -0.4654054750585085
-0.1075499392026035 9.297969821848175
-0.1079469402262444 -0.3970010236409027
-0.09933743250390285 8.609507722341549
-0.1039871369804097 -4.649704476506838
-0.09722051138734537 6.766625593064318
-0.09561131635991177 1.609195027433605
-0.0890150721971034 6.596244162808365
-0.08745469853267444 1.56037366442896
-0.07636018690698046 11.09451162569398
-0.08056284638160073 -4.202659474620271
-0.07557985938374706 4.982986997853669
-0.07183009978512922 3.749759598617841
-0.07214754738759131 -0.3174476024620926
-0.0679528948149721 4.194652572619209
-0.0640678490593081 3.885045755664007
-0.06638863534314512 -2.320786283837029
-0.06513507985222006 1.253555490925068
-0.06068211571018134 4.452964142038717
-0.06213098330565747 -1.448867595476133
-0.06333879767970316 -1.207814374045685
-0.05811474404371288 5.22405363599028
-0.06171537563651739 -3.600631592804514
-0.06299902510770732 -1.283649471189925
-0.06302153180780637 -0.02250670009905364
-0.06129592705717225 1.725604750634116
-0.05959345058519623 1.702476471976022
-0.06150480235564261 -1.911351770446379
-0.06125236404488455 0.2524383107580588
-0.0610671910578102 0.1851729870743501
-0.06095970696972305 0.1074840880871467
-0.06047437893831786 0.485328031405198
-0.06108237167271707 -0.6079927343992166
-0.05871693907146359 2.365432601253485
-0.05606719940646952 2.649739664994065
-0.0567900093718899 -0.7228099654203735
-0.05588233359902595 0.9076757728639431
-0.0548609935773031 1.021340021722848
-0.05527964405173044 -0.4186504744273373
-0.0516881353744601 3.591508677270344
-0.0522306636048618 -0.5425282304017051
-0.05231846799001053 -0.08780438514872924
-0.05140016574293716 0.9183022470733715
-0.04628793307884383 5.11223266409333
-0.04998869175725321 -3.700758678409382
-0.04486239585235312 5.126295904900095
-0.04889861714169667 -4.036221289343556
-0.04845940212725457 0.439215014442107
-0.0472815509678492 1.177851159405371
-0.04693417565046081 0.3473753173883834
-0.04778244780159841 -0.8482721511375996
-0.04206119514421093 5.721252657387481
-0.04773722547074193 -5.676030326530995
-0.04778116598395544 -0.04394051321351261
-0.04647567108070502 1.305494903250416
-0.04657583831163407 -0.1001672309290519
-0.04816767601350194 -1.591837701867861
-0.04617989154101672 1.987784472485217
-0.04757984068554977 -1.399949144533057
-0.04512095112691338 2.4588895586364
-0.04953424136109179 -4.413290234178413
-0.05017737823102314 -0.6431368699313517
-0.05097940825653051 -0.8020300255073692
-0.04901214014983507 1.967268106695438
-0.05296104256162699 -3.948902411791924
-0.05110455841136829 1.8564841502587
-0.05558806688315737 -4.483508471789077
-0.05611317120602535 -0.5251043228679808
-0.05342075427065355 2.692416935371804
-0.05765428910269052 -4.233534832036971
-0.06000620140160987 -2.351912298919352
-0.05911431390269698 0.8918874989128911
-0.06098508800822355 -1.870774105526565
-0.05973771123874469 1.247376769478857
-0.06117179930442684 -1.434088065682147
-0.05927073725051601 1.901062053910822
-0.05310698284302181 6.163754407494205
-0.05840258642127218 -5.295603578250374
-0.05832443832679551 0.07814809447667659
-0.05687727084757017 1.447167479225339
-0.05251072533610568 4.366545511464488
-0.05234960734259811 0.1611179935075702
-0.05201571873769296 0.3338886049051512
-0.05012295387525272 1.892764862440242
-0.04568769810653021 4.435255768722501
-0.04589189725963812 -0.2041991531079104
-0.04243857217474881 3.453325084889311
-0.04019239992654467 2.246172248204142
-0.0404072845849474 -0.2148846584027336
-0.0372731295662742 3.134155018673201
-0.03568430867473904 1.588820891535163
-0.03298016784356959 2.704140831169453
-0.03018611271185868 2.794055131710903
-0.02593529044621576 4.250822265642922
-0.02396763982720864 1.967650619007125
-0.02171454481137168 2.253095015836953
-0.01900257305231236 2.71197175905932
-0.01697811910102747 2.02445395128489
-0.01412618240434022 2.851936696687256
-0.01169492730628214 2.431255098058077
-0.008571617405957192 3.12330990032495
-0.006177417909184356 2.394199496772835
-0.004303965596577143 1.873452312607213
-0.002958316587880678 1.345649008696465
-0.001328771712362629 1.62954487551805
-0.0005712224004217391 0.7575493119408897
-7.549092155020515e-05 0.4957314788715339
-1.696679484501856e-05 0.05852412670518659
0 0.01696679484501856
0 0
0 0
0 0
0 0
0 0
0 0
0 0
0 0
0 0
0 0
0 0
0 0
0 0
0 0
0 0
0 0
0 0
0 0
0 0
0 0
0 0
-3.079233553726369e-05 -0.03079233553726369
-0.0007184128200059988 -0.6876204844687352
-0.001512861660525966 -0.7944488405199668
-0.002296518811387457 -0.7836571508614916
-0.003409991141622274 -1.113472330234817
-0.003446928703810224 -0.03693756218795018
-0.005046616153964464 -1.59968745015424
-0.004454082124448991 0.592534029515473
-0.005111777663883229 -0.6576955394342384
-0.006398085110632622 -1.286307446749392
-0.007103854319174015 -0.7057692085413936
-0.007797017552854084 -0.6931632336800685
-0.01162909537839517 -3.832077825541083
-0.008231165216921786 3.39793016147338
-0.008821419219283026 -0.5902540023612398
-0.009400827092109047 -0.5794078728260204
-0.01227356024598261 -2.872733153873559
-0.01025022693331229 2.023333312670314
-0.01200432093738983 -1.754094004077543
-0.01260888660037718 -0.6045656629873469
-0.0132044798861886 -0.5955932858114198
-0.01703127676440138 -3.826796878212779
-0.01294750129313336 4.08377547126802
-0.01348235246257127 -0.5348511694379076
-0.01731145936827258 -3.829106905701317
-0.01456811955657671 2.743339811695871
-0.01676878712179661 -2.200667565219895
-0.01539739815596048 1.371388965836126
-0.0196991261934203 -4.301728037459819
-0.0203939467836879 -0.6948205902675975
-0.01898365066870995 1.410296114977952
-0.02179588995499176 -2.812239286281812
-0.01822721620713216 3.568673747859599
-0.01880309548863914 -0.5758792815069788
-0.01938267394678633 -0.5795784581471876
-0.01996647233621899 -0.5837983894326632
-0.02283904128396981 -2.872568947750818
-0.03576603685959503 -12.92699557562522
-0.0238321491944429 11.93388766515213
-0.02205326188250106 1.778887311941844
-0.02518381187162236 -3.130549989121302
-0.02328637347144316 1.897438400179193
-0.02657447683436737 -3.288103362924205
-0.02455833791306367 2.016138921303704
-0.02521123569143844 -0.6528977783747738
-0.0258766465719668 -0.6654108805283603
-0.04497193558588176 -19.09528901391496
-0.03023715807018585 14.73477751569591
-0.03066760453862621 -0.4304464684403569
-0.03146347561454125 -0.7958710759150417
-0.02904991537096257 2.41356024357868
-0.02980009112209955 -0.7501757511369846
-0.03056842389494782 -0.7683327728482715
-0.03483968555664187 -4.271261661694042
-0.0441186510095564 -9.278965452914532
-0.04072752030120061 3.39113070835579
-0.03383656263588135 6.890957665319261
-0.03851165858522697 -4.67509594934562
-0.03905167434567675 -0.5400157604497843
-0.03604593503969167 3.005739305985085
-0.04563712296318568 -9.591187923494012
-0.03790649486816342 7.730628095022264
-0.04798343418404667 -10.07693931588326
-0.04427276597058395 3.710668213462727
-0.04538018377710255 -1.107417806518608
-0.04185534319376303 3.524840583339524
-0.04764837831776011 -5.793035123997078
-0.04874731024137553 -1.098931923615418
-0.05487683746773549 -6.129527226359968
-0.04550817651221067 9.36866095552482
-0.04657443763595395 -1.066261123743278
-0.05882310834161912 -12.24867070566517
-0.05413617592568608 4.686932415933042
-0.06148070666364981 -7.344530737963733
-0.05087447524235343 10.60623142129638
-0.05771679938066929 -6.842324138315855
-0.05300852818296353 4.708271197705755
-0.06667862403674507 -13.67009585378154
-0.05458343242829585 12.09519160844922
-0.07618571168186382 -21.60227925356797
-0.05626472165494614 19.92099002691767
-0.06308395604282421 -6.81923438787807
-0.06345740445832256 -0.3734484154983425
-0.0637148898554286 -0.2574853971060442
-0.05751617879042503 6.198711065003567
-0.06405847468891455 -6.542295898489522
-0.06418301584986442 -0.1245411609498703
-0.07936223014900344 -15.17921429913902
-0.05790140374013105 21.46082640887239
-0.0644188544861861 -6.517450746055052
-0.06449170495910181 -0.0728504729157059
-0.06455469774320419 -0.06299278410237807
-0.06460850790505955 -0.0538101618553638
-0.05818811606502165 6.420391840037897
-0.0582207331967895 -0.03261713176784531
-0.05824557277518696 -0.02483957839746059
-0.07992139854523413 -21.67582577004717
-0.07993415791159676 -0.01275936636263575
-0.06474906505989844 15.18509285169832
-0.05826833673819755 6.480728321700893
-0.05824067698508296 0.02765975311458391
-0.0646578120791228 -6.417135094039836
-0.05812374453333202 6.534067545790785
-0.06448543146325757 -6.361686929925551
-0.0794681004857259 -14.98266902246834
-0.06423366000620523 15.23444047952067
-0.05767115114949179 6.562508856713438
-0.07101637066465186 -13.34521951516007
-0.0574302692945415 13.58610137011035
-0.06360925724376038 -6.178987949218874
-0.06338834118803924 0.2209160557211376
-0.05683411578611321 6.554225401926024
-0.07764422561908545 -20.81010983297223
-0.05635572766954395 21.2884979495415
-0.06232685206223082 -5.97112439268687
-0.06891215991041576 -6.585307848184938
-0.05553071286998009 13.38144704043567
-0.05524605820180316 0.2846546681769327
-0.06119601887618031 -5.949960674377155
-0.06760480995395847 -6.408791077778155
-0.05443305819698561 13.17175175697285
-0.07420604611115038 -19.77298791416476
-0.05374946843615953 20.45657767499085
-0.05932534848375956 -5.575880047600033
-0.05891791712637409 0.4074313573854682
-0.05264927923913106 6.268637887243029
-0.05806913053134997 -5.419851292218905
-0.05762777760191566 0.4413529294343063
-0.0635537350207713 -5.92595741885564
-0.06327235709434295 0.28137792642835
-0.05082917811119073 12.44317898315222
-0.05039884189428551 0.4303362169052194
-0.0499601413953125 0.4387004989730159
-0.06791989815552478 -17.95975676021228
-0.05451077689613697 13.40912125938781
-0.04859877005706972 5.91200683906725
-0.04813102898237025 0.4677410746994765
-0.07263610403770768 -24.50507505533743
-0.04719958037571209 25.43652366199559
-0.05214672557465986 -4.947145198947767
-0.0464403423357327 5.706383238927158
-0.0630199026399713 -16.5795603042386
-0.04543550397531743 17.58439866465388
-0.0499137699046069 -4.478265929289474
-0.04440237030806596 5.511399596540942
-0.05416759282818005 -9.765222520114088
-0.05350979865747275 0.6577941707072987
-0.04280438279592803 10.70541586154472
-0.04228789690687855 0.5164858890494769
-0.05759496922884202 -15.30707232196347
-0.04143556115974557 16.15940806909646
-0.04542191656176596 -3.986355402020393
-0.04479912802838531 0.6227885333806512
-0.03975388333643068 5.04524469195463
-0.04837465335969145 -8.620770023260768
-0.04766377139014853 0.7108819695429216
-0.03802613211831107 9.637639271837459
-0.04159851543116284 -3.572383312851778
-0.04097224014583904 0.6262752853238087
-0.04060675484914019 0.3654852966988448
-0.03993721941044766 0.6695354386925325
-0.03926122964123589 0.6759897692117656
-0.03857910043006565 0.6821292111702376
-0.03789119372275306 0.6879067073125994
-0.03719783713242641 0.6933565903266409
-0.03649924944161972 0.698587690806697
-0.03579550922055884 0.7037402210608792
-0.03898504702027024 -3.1895377997114
-0.03096725494839502 8.01779207187522
-0.03404887512308757 -3.081620174692556
0 34.04887512308758
0 0
0 0
0 0
0 0
0 0
0 0
0 0
0 0
0 0
0 0
0 0
0 0
0 0
0 0
0 0
0 0
0 0
0 0
0 0
0 0
0 0
0 0
0 0
0 0
0 0
0 0
0 0
0 0
0 0
0 0
0 0
0 0
0 0
0 0
0 0
0 0
0 0
0 0
0 0
0 0
0 0
0 0
0 0
0 0
0 0
0 0
0 0
0 0
0 0
0 0
0 0
0 0
0 0
0 0
0 0
0 0
0 0
0 0
0 0
0 0
0 0
0 0
0 0
0 0
0 0
0 0
0 0
0 0
0 0
0 0
0 0
0 0
0 0
0 0
0 0
0 0
0 0
0 0
0 0
0 0
0 0
0 0
0 0
0 0
0 0
0 0
0 0
0 0
0 0
0 0
0 0
0 0
0 0
0 0
0 0
0 0
0 0
0 0
0 0
0 0
0 0
0 0
0 0
-1.250491457293432e-05 -0.01250491457293432
-0.0004536646573428874 -0.4411597427699531
-0.000488252139054419 -0.03458748171153159
-0.001588492041265145 -1.100239902210726
-0.002539156870474887 -0.9506648292097423
-0.003752356373394036 -1.213199502919149
-0.004303527774846725 -0.5511714014526884
-0.005647607929941663 -1.344080155094939
-0.006991034020809724 -1.34342609086806
-0.009807435522813247 -2.816401502003524
-0.01348409908978121 -3.676663566967962
-0.01490620627771591 -1.422107187934703
-0.02059618210958022 -5.689975831864311
-0.02574720340684593 -5.151021297265707
-0.02802047992112964 -2.273276514283707
-0.03174394155476869 -3.723461633639048
-0.03567928160194332 -3.935340047174634
-0.03892462930794278 -3.245347705999456
-0.04472269396979036 -5.798064661847582
-0.04846076577186999 -3.738071802079627
-0.05037864909813468 -1.917883326264691
-0.0573745611443083 -6.99591204617362
-0.06096008548348994 -3.58552433918164
-0.06591302198513349 -4.952936501643551
-0.07094822720589798 -5.035205220764491
-0.07572532215562908 -4.777094949731095
-0.0806920320663676 -4.966709910738526
-0.08440698663305406 -3.714954566686454
-0.08758861903883418 -3.181632405780122
-0.09586929000117086 -8.280670962336686
-0.100093877270329 -4.224587269158087
-0.1069845603954086 -6.89068312507965
-0.1105598426040425 -3.575282208633915
-0.1167725062549575 -6.212663650915009
-0.1230646197359219 -6.292113480964353
-0.1290296097195181 -5.964989983596222
-0.1351593157013124 -6.129705981794325
-0.147049539021336 -11.89022332002354
-0.1497264971934022 -2.676958172066257
-0.1564980622682591 -6.771565074856905
-0.1651565537059747 -8.658491437715576
-0.1721275693720647 -6.971015666090014
-0.182168900387888 -10.04133101582325
-0.1879234080683411 -5.754507680453102
-0.1979826687938218 -10.05926072548069
-0.205314134730632 -7.331465936810249
-0.2131078483817637 -7.793713651131656
-0.2242183090156241 -11.11046063386048
-0.2297525985912638 -5.534289575639645
-0.2379870519460468 -8.23445335478301
-0.2411949695598535 -3.207917613806732
-0.2471760051081702 -5.981035548316693
-0.248439572443829 -1.2635673356588
-0.2529229856982121 -4.483413254383062
-0.2526635464059346 0.2594392922775079
-0.2548504327480764 -2.186886342141814
-0.2568768516669503 -2.026418918873951
-0.2581310224004608 -1.254170733510473
-0.2591317276124382 -1.000705211977371
-0.2599716531873832 -0.8399255749450552
-0.2604946699491137 -0.5230167617304438
-0.2608397606772813 -0.3450907281675741
-0.2602321733874098 0.6075872898714807
-0.2597334362361685 0.4987371512412686
-0.2583385025553812 1.394933680787303
-0.2560688353120904 2.269667243290807
-0.2529255541812933 3.143281130797149
-0.2485340808363159 4.391473344977359
-0.2426961190821555 5.837961754160347
-0.2364073188682024 6.288800213953116
-0.2276003441193652 8.806974748837181
-0.216819597499348 10.78074662001727
-0.2022412173876435 14.57838011170445
-0.1850184568660475 17.22276052159602
-0.1702813852724536 14.73707159359394
-0.1926554310935449 14.5882216168311
-0.1866561154201606 5.99931567338427
-0.1799454938711937 6.710621548966899
-0.1975629056099085 15.56317358285258
-0.1777856514639931 19.77725414591541
-0.1678768605761208 9.908790887872332
