0.1683884818221204 79.01279108991091
0.1309428395670572 -45.97801767907681
0.1309428395670572 0
0.1309428395670572 0
0.1309428395670572 0
0.1182081574546052 -12.73468211245196
0.1172691659118054 -0.9389915427997775
0.1175888558266779 0.3196899148724675
0.1228252565371082 5.236400710430328
0.1204057522652301 -2.419504271878148
0.1150622390675844 -5.3435131976457
0.1149063959166511 -0.1558431509333102
0.1172691659118054 2.362769995154362
0.1149063959166511 -2.362769995154362
0.1175888558266779 2.68245991002683
0.1149063959166511 -2.68245991002683
0.1204083078677628 5.501911951111743
0.1167120210358729 -3.696286831889883
0.1233227522592479 6.610731223374938
0.1149063959166511 -8.416356342596798
0.1150622390675844 0.1558431509333102
0.1149063959166511 -0.1558431509333102
0.1175888558266779 2.68245991002683
0.1149063959166511 -2.68245991002683
0.1233253078617806 8.418911945129532
0.1149063959166511 -8.418911945129532
0.1167120210358729 1.80562511922186
0.1204057522652301 3.69373122935715
0.1149063959166511 -5.49935634857901
0.1175888558266779 2.68245991002683
0.117442324968398 -0.1465308582798419
0.1149063959166511 -2.535929051746988
0.1149063959166511 0
0.1204083078677628 5.501911951111743
0.1167120210358729 -3.696286831889883
0.1149063959166511 -1.80562511922186
0.1234723975458853 8.566001629234265
0.1174541750687042 -6.018222477181145
0.1149063959166511 -2.54777915205312
0.1149063959166511 0
0.1150622390675844 0.1558431509333102
0.1204083078677628 5.346068800178433
0.1172691659118054 -3.139141955957381
0.1167120210358729 -0.5571448759325026
0.117351788001216 0.6397669653430416
0.1158361182365217 -1.51566976469425
0.1120729624503107 -3.763155786210989
0.1108600253803995 -1.212937069911241
0.1130785934690703 2.218568088670811
0.1152193812867454 2.140787817675099
0.1124364596163386 -2.782921670406738
0.1128149061360656 0.3784465197269049
0.1132730587434475 0.458152607381912
0.1108600253803995 -2.413033363047989
0.1157059605803779 4.845935199978419
0.1133257040981022 -2.380256482275716
0.1108600253803995 -2.465678717702702
0.1108600253803995 0
0.1176328143184319 6.772788938032417
0.1108600253803995 -6.772788938032417
0.1176843495036239 6.824324123224465
0.1108600253803995 -6.824324123224465
0.1108600253803995 0
0.1132408849262992 2.380859545899755
0.1133257040981022 0.08481917180294674
0.1108600253803995 -2.465678717702702
0.1206761175950723 9.816092214672778
0.1108600253803995 -9.816092214672778
0.1108600253803995 0
0.1132730587434475 2.413033363047989
0.1124364596163386 -0.8365991271088169
0.1108600253803995 -1.576434235939173
0.1157059605803779 4.845935199978419
0.1128149061360656 -2.891054444312341
0.1182634290863783 5.448522950312784
0.1108600253803995 -7.403403705978861
0.1108600253803995 0
0.1108600253803995 0
0.1157381343975261 4.878109017126667
0.1108600253803995 -4.878109017126667
0.1128349091656276 1.974883785228157
0.1094574370219995 -3.377472143628129
0.1116824534169659 2.225016394966403
0.1163394395686829 4.656986151717001
0.111520161959737 -4.819277608945946
0.1094574370219995 -2.062724937737459
0.1117146272341142 2.257190212114651
0.1094574370219995 -2.257190212114651
0.1112564746267322 1.799037604732739
0.1094574370219995 -1.799037604732739
0.111520161959737 2.062724937737459
0.1181093088093528 6.589146849615881
0.1117672725887689 -6.34203622058399
0.1094574370219995 -2.30983556676935
0.1094574370219995 0
0.1137135579060394 4.256120884039927
0.111520161959737 -2.193395946302468
0.1094574370219995 -2.062724937737459
0.1094574370219995 0
0.1134877907208195 4.030353698819988
0.1116824534169659 -1.805337303853585
0.1133457071276643 1.663253710698365
0.1135483912242183 0.2026840965540372
0.1094574370219995 -4.090954202218805
0.1117146272341142 2.257190212114651
0.1094574370219995 -2.257190212114651
0.1094574370219995 0
0.1094574370219995 0
0.1134877907208195 4.030353698819988
0.113974370014452 0.4865792936324942
0.1112564746267322 -2.717895387719743
0.1133457071276643 2.089232500932028
0.1094574370219995 -3.888270105664768
0.1117146272341142 2.257190212114651
0.1094574370219995 -2.257190212114651
0.111520161959737 2.062724937737459
0.1134877907208195 1.967628761082529
0.1112564746267322 -2.231316094087249
0.1116824534169659 0.4259787902336637
0.1094574370219995 -2.225016394966403
0.1117672725887689 2.30983556676935
0.1157603599859285 3.993087397159631
0.1094574370219995 -6.302922963928981
0.1094574370219995 0
0.1157088248007365 6.251387778736975
0.1094574370219995 -6.251387778736975
0.1094574370219995 0
0.113974370014452 4.516932992452483
0.1094574370219995 -4.516932992452483
0.1117672725887689 2.30983556676935
0.1117146272341142 -0.05264535465469844
0.1108780281070054 -0.8365991271087753
0.1112564746267322 0.3784465197268633
0.1160343647180263 4.777890091294049
0.1094574370219995 -6.576927696026788
0.1094574370219995 0
0.1116824534169659 2.225016394966403
0.1094574370219995 -2.225016394966403
0.1094574370219995 0
0.1193316719406713 9.874234918671773
0.1094574370219995 -9.874234918671773
0.1152416068751477 5.784169853148238
0.1094574370219995 -5.784169853148238
0.1094574370219995 0
0.1094574370219995 0
0.113974370014452 4.516932992452483
0.1112564746267322 -2.717895387719743
0.1117146272341142 0.458152607381912
0.1117672725887689 0.05264535465469844
0.1134877907208195 1.720518132050638
0.1094574370219995 -4.030353698819988
0.1130985964986324 3.641159476632891
0.1094574370219995 -3.641159476632891
0.1094574370219995 0
0.1112564746267322 1.799037604732739
0.1116824534169659 0.4259787902336637
0.1117146272341142 0.0321738171482483
0.119168966232246 7.454338998131846
0.1094574370219995 -9.711529210246496
0.1094574370219995 0
0.1094574370219995 0
0.1128349091656276 3.377472143628129
0.1094574370219995 -3.377472143628129
0.111520161959737 2.062724937737459
0.1116824534169659 0.1622914572289441
0.1117146272341142 0.0321738171482483
0.1163394395686829 4.624812334568754
0.1094574370219995 -6.882002546683405
0.1094574370219995 0
0.1135483912242183 4.090954202218805
0.1094574370219995 -4.090954202218805
0.1108780281070054 1.420591085005876
0.1094574370219995 -1.420591085005876
0.1141868676729657 4.729430650966219
0.1134877907208195 -0.6990769521462298
0.111520161959737 -1.967628761082529
0.1137662032606941 2.24604130095718
0.1094574370219995 -4.308766238694639
0.1094574370219995 0
0.1094574370219995 0
0.1094574370219995 0
0.111520161959737 2.062724937737459
0.1213278181089512 9.80765614921425
0.1112564746267322 -10.07134348221897
0.1094574370219995 -1.799037604732739
0.1117672725887689 2.30983556676935
0.1094574370219995 -2.30983556676935
0.111520161959737 2.062724937737459
0.1094574370219995 -2.062724937737459
0.1094574370219995 0
0.1094574370219995 0
0.1219046303627645 12.44719334076495
0.1108780281070054 -11.02660225575908
0.111520161959737 0.6421338527315829
0.1117672725887689 0.2471106290318908
0.1094574370219995 -2.30983556676935
0.1094574370219995 0
0.1094574370219995 0
0.1112564746267322 1.799037604732739
0.1160343647180263 4.777890091294049
0.1141868676729657 -1.84749704506057
0.1094574370219995 -4.729430650966219
0.1108780281070054 1.420591085005876
0.1117672725887689 0.8892444817634737
0.1094574370219995 -2.30983556676935
0.1135483912242183 4.090954202218805
0.1094574370219995 -4.090954202218805
0.1134877907208195 4.030353698819988
0.1117146272341142 -1.773163486705337
0.1116824534169659 -0.0321738171482483
0.1094574370219995 -2.225016394966403
0.111520161959737 2.062724937737459
0.1108780281070054 -0.6421338527315829
0.1137662032606941 2.888175153688763
0.1094574370219995 -4.308766238694639
0.1094574370219995 0
0.1134877907208195 4.030353698819988
0.1117146272341142 -1.773163486705337
0.113974370014452 2.259742780337831
0.1094574370219995 -4.516932992452483
0.1112564746267322 1.799037604732739
0.1094574370219995 -1.799037604732739
0.1133457071276643 3.888270105664768
0.1094574370219995 -3.888270105664768
0.1160343647180263 6.576927696026788
0.1094574370219995 -6.576927696026788
0.1117146272341142 2.257190212114651
0.1112564746267322 -0.458152607381912
0.1116824534169659 0.4259787902336637
0.1094574370219995 -2.225016394966403
0.111520161959737 2.062724937737459
0.1117672725887689 0.2471106290318908
0.1152416068751477 3.474334286378888
0.1094574370219995 -5.784169853148238
0.1117146272341142 2.257190212114651
0.1112564746267322 -0.458152607381912
0.111520161959737 0.2636873330047196
0.1116824534169659 0.1622914572289441
0.1094574370219995 -2.225016394966403
0.1094574370219995 0
0.1094574370219995 0
0.1163394395686829 6.882002546683405
0.1153022073785466 -1.037232190136322
0.1117146272341142 -3.587580144432431
0.1094574370219995 -2.257190212114651
0.1094574370219995 0
0.1116824534169659 2.225016394966403
0.1094574370219995 -2.225016394966403
0.111520161959737 2.062724937737459
0.1157088248007365 4.188662840999516
0.1117672725887689 -3.941552211967625
0.1094574370219995 -2.30983556676935
0.1132930617730096 3.835624751010069
0.1094574370219995 -3.835624751010069
0.111520161959737 2.062724937737459
0.1116824534169659 0.1622914572289441
0.1094574370219995 -2.225016394966403
0.1157088248007365 6.251387778736975
0.1094574370219995 -6.251387778736975
0.1117672725887689 2.30983556676935
0.1140065438316002 2.239271242831381
0.1094574370219995 -4.549106809600731
0.1094574370219995 0
0.1108780281070054 1.420591085005876
0.1136813840888912 2.803355981885802
0.1094574370219995 -4.223947066891679
0.1160343647180263 6.576927696026788
0.1094574370219995 -6.576927696026788
0.1117672725887689 2.30983556676935
0.1117146272341142 -0.05264535465469844
0.1094574370219995 -2.257190212114651
0.1112564746267322 1.799037604732739
0.111520161959737 0.2636873330047196
0.1132608879558613 1.740725996124362
0.1134877907208195 0.2269027649581673
0.1094574370219995 -4.030353698819988
0.1094574370219995 0
0.1094574370219995 0
0.116827685194398 7.370248172398466
0.1112564746267322 -5.571210567665727
0.1094574370219995 -1.799037604732739
0.1094574370219995 0
0.1181093088093528 8.65187178735334
0.1094574370219995 -8.65187178735334
0.111520161959737 2.062724937737459
0.1094574370219995 -2.062724937737459
0.1165021452771082 7.044708255108695
0.1094574370219995 -7.044708255108695
0.1108780281070054 1.420591085005876
0.1094574370219995 -1.420591085005876
0.1138490383243065 4.391601302307035
0.1135684208541475 -0.2806174701590752
0.1094574370219995 -4.11098383214796
0.1094574370219995 0
0.1160349273515195 6.577490329519958
0.1094574370219995 -6.577490329519958
0.1112564746267322 1.799037604732739
0.111520161959737 0.2636873330047196
0.1094574370219995 -2.062724937737459
0.1140154364223225 4.55799940032299
0.1127332422543583 -1.282194167964185
0.1094574370219995 -3.275805232358806
0.1117146272341142 2.257190212114651
0.1117672725887689 0.05264535465469844
0.111520161959737 -0.2471106290318908
0.1112564746267322 -0.2636873330047196
0.1108780281070054 -0.3784465197268633
0.1115571217268204 0.6790936198150521
0.1116824534169659 0.1253316901454748
0.1111548077154629 -0.5276457015030017
0.1117146272341142 0.55981951865125
0.1117672725887689 0.05264535465469844
0.1130985964986324 1.331323909863541
0.1094574370219995 -3.641159476632891
0.1112564746267322 1.799037604732739
0.09735121087676178 -13.90526374997046
0.09667211725694669 -0.6790936198150938
0.09747654256690723 0.8044253099605408
0.09667211725694669 -0.8044253099605408
0.09979492402351962 3.122806766572936
0.09667211725694669 -3.122806766572936
0.09667211725694669 0
0.09667211725694669 0
0.09667211725694669 0
0.09851330719754381 1.841189940597121
0.09888647080132111 0.3731636037773017
0.09982641724396703 0.939946442645917
0.09543800231220957 -4.388414931757456
0.09452459066686242 -0.9134116453471536
0.09390927498575349 -0.6153156811089244
0.09340065785405684 -0.5086171316966565
0.09340065785405684 0
0.09385354513943553 0.4528872853786919
0.09356691758837873 -0.286627551056795
0.09317579855827289 -0.3911190301058437
0.09360105283717449 0.4252542789015962
0.0933988144897783 -0.2022383473961886
0.0936646938807169 0.2658793909385976
0.09325303699895122 -0.4116568817656707
0.09325303699895122 0
0.09368952196709598 0.4364849681447597
0.09351198582999787 -0.1775361370981166
0.09340289441603915 -0.1090914139587201
0.09293559927649561 -0.467295139543536
0.09323479131743873 0.2991920409431137
0.09325303699895122 0.01824568151249928
0.09350067070837732 0.2476337094260983
0.09325303699895122 -0.2476337094260983
0.09351198582999787 0.2589488310466431
0.09368952196709598 0.1775361370981166
0.09325303699895122 -0.4364849681447597
0.09360353790604373 0.3505009070925019
0.09280174964944585 -0.8017882565978796
0.09323479131743873 0.4330416679928784
0.09325303699895122 0.01824568151249928
0.09350067070837732 0.2476337094260983
0.09351198582999787 0.01131512162054482
0.09368952196709598 0.1775361370981166
0.09325303699895122 -0.4364849681447597
0.09343702966483491 0.1839926658836893
0.09280174964944585 -0.635280015389067
0.09340129955864759 0.5995499092017464
0.09325303699895122 -0.1482625596963688
0.09351198582999787 0.2589488310466431
0.09350067070837732 -0.01131512162054482
0.09368952196709598 0.1888512587186614
0.09325303699895122 -0.4364849681447597
0.09343702966483491 0.1839926658836893
0.09325303699895122 -0.1839926658836893
0.09278147666998754 -0.4715603289636855
0.09369061533942433 0.9091386694367876
0.09325303699895122 -0.4375783404731021
0.09325303699895122 0
0.09350067070837732 0.2476337094260983
0.09368952196709598 0.1888512587186614
0.09343702966483491 -0.2524923022610703
0.09325303699895122 -0.1839926658836893
0.09325303699895122 0
0.09310116658485998 -0.1518704140912458
0.09340289441603915 0.3017278311791688
0.09325303699895122 -0.149857417087923
0.09325303699895122 0
0.09398565400631595 0.7326170073647248
0.09343702966483491 -0.5486243414810354
0.09325303699895122 -0.1839926658836893
0.09351198582999787 0.2589488310466431
0.09278147666998754 -0.7305091600103286
0.09325303699895122 0.4715603289636855
0.09340289441603915 0.149857417087923
0.09325303699895122 -0.149857417087923
0.09368952196709598 0.4364849681447597
0.09371217823086392 0.02265626376793395
0.09325303699895122 -0.4591412319126936
0.09351198582999787 0.2589488310466431
0.09323479131743873 -0.2771945125591424
0.09280174964944585 -0.4330416679928784
0.09325303699895122 0.4512873495053776
0.09325303699895122 0
0.09340289441603915 0.149857417087923
0.09392201296277354 0.5191185467343928
0.09351198582999787 -0.4100271327756727
0.09350067070837732 -0.01131512162054482
0.09323479131743873 -0.2658793909385976
0.09325303699895122 0.01824568151249928
0.09280174964944585 -0.4512873495053776
0.09325303699895122 0.4512873495053776
0.09325303699895122 0
0.09446223313619717 1.209196137245946
0.09325303699895122 -1.209196137245946
0.09325303699895122 0
0.09350067070837732 0.2476337094260983
0.09323479131743873 -0.2658793909385976
0.09325303699895122 0.01824568151249928
0.09280174964944585 -0.4512873495053776
0.09325303699895122 0.4512873495053776
0.09424170287764595 0.9886658786947278
0.09340289441603915 -0.8388084616068048
0.09325303699895122 -0.149857417087923
0.09325303699895122 0
0.09348039772891904 0.2273607299678182
0.09325303699895122 -0.2273607299678182
0.09280174964944585 -0.4512873495053776
0.09351198582999787 0.7102361805520208
0.09368952196709598 0.1775361370981166
0.09343702966483491 -0.2524923022610703
0.09325303699895122 -0.1839926658836893
0.09340289441603915 0.149857417087923
0.09323479131743873 -0.1681030986004223
0.09350067070837732 0.2658793909385976
0.09351198582999787 0.01131512162054482
0.09280174964944585 -0.7102361805520208
0.09325303699895122 0.4512873495053776
0.09392201296277354 0.6689759638223158
0.09325303699895122 -0.6689759638223158
0.09325303699895122 0
0.09340289441603915 0.149857417087923
0.09323479131743873 -0.1681030986004223
0.0937883916317625 0.5536003143237767
0.09325303699895122 -0.5353546328112774
0.09280174964944585 -0.4512873495053776
0.09392201296277354 1.120263313327693
0.09325303699895122 -0.6689759638223158
0.09325303699895122 0
0.09325303699895122 0
0.09372098947352002 0.4679524745687946
0.09325303699895122 -0.4679524745687946
0.09350067070837732 0.2476337094260983
0.09280174964944585 -0.6989210589314759
0.09392201296277354 1.120263313327693
0.09325303699895122 -0.6689759638223158
0.09351198582999787 0.2589488310466431
0.09340289441603915 -0.1090914139587201
0.09325303699895122 -0.149857417087923
0.09325303699895122 0
0.09325303699895122 0
0.0930874435996559 -0.1655933992953246
0.0935077175889644 0.420273989308495
0.09325303699895122 -0.2546805900131704
0.09325303699895122 0
0.09329639112652807 0.04335412757684731
0.09267661383627046 -0.6197772902576115
0.09346628745457783 0.7896736183073683
0.0925673677792133 -0.8989196753645262
0.09346628745457783 0.8989196753645262
0.0928592414577398 -0.6070459968380293
0.0926488704259298 -0.2103710318099999
0.09328443237022392 0.6355619442941218
0.09279336268471722 -0.4910696855067037
0.09299685748346009 0.2034947987428759
0.09292065447068147 -0.07620301277862229
0.09291395169060876 -0.006702780072712078
0.0926737367168453 -0.2402149737634612
0.09331567699685317 0.6419402800078716
0.09248345283676686 -0.8322241600863117
0.09271644550365535 0.2329926668884902
0.0930535297232926 0.3370842196372542
0.09274725614113379 -0.3062735821588169
0.0928584983300403 0.1112421889065129
0.09268801695449069 -0.1704813755496054
0.09291955566222966 0.231538707738968
0.09280674451509209 -0.1128111471375703
0.09264300887259339 -0.1637356424987052
0.09282395259533693 0.1809437227435484
0.09292832060860742 0.1043680132704894
0.09276361210040934 -0.1647085081980804
0.09292984081522521 0.1662287148158637
0.09292482103226701 -0.005019782958193275
0.09279850752050749 -0.1263135117595265
0.09270490186319102 -0.09360565731646175
0.09287435604058693 0.169454177395903
0.09285220959597297 -0.02214644461395743
0.09257629003696169 -0.2759195590112812
0.09258484206046406 0.008552023502375605
0.09314873461068338 0.563892550219311
0.08846247555114956 0.07515385000339547
0.08920881833447891 0.7463427833293568
0.08941294567984273 0.2041273453638193
0.09024313973153353 0.1865463178694349
0.09039424224900774 0.1511025174742164
0.08937569073220947 -1.018551516798277
