-0.005181725023604951 -5.181725023604951
-0.00369136027120203 1.490364752402921
-0.002473878714958682 1.217481556243348
-0.001515408951738363 0.9584697632203183
-0.0008653767534624027 0.6500321982759608
-0.0004568440494413535 0.4085327040210491
-0.000206162759845822 0.2506812895955315
-5.626073756049576e-05 0.1499020222853263
-3.620275233953863e-06 0.0526404623265419
0 0.003620275233953862
0 0
0 0
-0.0001395941269805239 -0.1395941269805239
-0.0008803999247619858 -0.7408057977814618
-0.002253635175440898 -1.373235250678912
-0.004105934597393439 -1.852299421952541
-0.005664221518051269 -1.55828692065783
-0.007659910779453331 -1.995689261402062
-0.008735736547189104 -1.075825767735773
-0.00890087780179687 -0.165141254607766
-0.008742072818438399 0.1588049833584713
-0.008529506836015022 0.2125659824233767
-0.008343979562629927 0.1855272733850954
-0.008144489326266841 0.1994902363630854
-0.0078902296837238 0.2542596425430411
-0.007866910827287649 0.02331885643615077
-0.00781359934515055 0.05331148213709967
-0.007891933775373122 -0.07833443022257219
-0.008189880155073955 -0.2979463797008336
-0.008623660054026067 -0.4337798989521111
-0.009197718422093054 -0.5740583680669872
-0.009930489568517298 -0.7327711464242443
-0.01059554471976949 -0.6650551512521891
-0.0112787632163032 -0.683218496533711
-0.01208029397020594 -0.8015307539027388
-0.0127871025467031 -0.7068085764971674
-0.01326556176761469 -0.4784592209115899
-0.01397732751341905 -0.7117657458043571
-0.01451907475349284 -0.5417472400737894
-0.01499290341252485 -0.4738286590320051
-0.01529497146423317 -0.3020680517083277
-0.01562935435259652 -0.3343828883633458
-0.01605580140659429 -0.4264470539977714
-0.01636271994014695 -0.3069185335526636
-0.01679575473234288 -0.4330347921959222
-0.01716147174704452 -0.3657170147016407
-0.01755899120602432 -0.3975194589797976
-0.01801911495214035 -0.4601237461160333
-0.01837556566644725 -0.356450714306903
-0.01884457303905643 -0.4690073726091766
-0.01939843709006742 -0.5538640510109882
-0.01994289644385608 -0.5444593537886656
-0.02056338438546969 -0.6204879416136129
-0.02122138559670408 -0.6580012112343894
-0.02189109793668409 -0.6697123399800088
-0.02256518456002296 -0.6740866233388675
-0.02313354052429274 -0.5683559642697782
-0.02395503701077505 -0.8214964864823142
-0.02452008295884903 -0.5650459480739806
-0.02532681363733965 -0.806730678490613
-0.02595216947695287 -0.6253558396132237
-0.02661354945454516 -0.6613799775922885
-0.02729119218335902 -0.6776427288138626
-0.02793471901646884 -0.6435268331098226
-0.02836739583186589 -0.4326768153970449
-0.02908471344586219 -0.7173176139963038
-0.02954179891867761 -0.4570854728154182
-0.03019493310358373 -0.6531341849061144
-0.03077231590345445 -0.5773827998707265
-0.03132575392080988 -0.553438017355426
-0.0318007998260694 -0.4750459052595205
-0.03236158282699946 -0.5607830009300637
-0.03280101737259701 -0.4394345455975487
-0.03335805874519901 -0.557041372601999
-0.03391362851539684 -0.5555697701978279
-0.03444588310997006 -0.5322545945732268
-0.03502671903063229 -0.5808359206622218
-0.03561702572594303 -0.5903066953107452
-0.03629112542923443 -0.6740997032914017
-0.03677280414436406 -0.4816787151296284
-0.03721001056628422 -0.4372064219201541
-0.03788476864944876 -0.6747580831645422
-0.03854921440824036 -0.6644457587915986
-0.03915884657663378 -0.609632168393423
-0.03977324369092352 -0.61439711428974
-0.04037633630358117 -0.6030926126576464
-0.04110056893824485 -0.7242326346636879
-0.04170194156971697 -0.6013726314721135
-0.04221909010487698 -0.5171485351600155
-0.0430349335259711 -0.8158434210941214
-0.04375518622257341 -0.7202526966023012
-0.04443580550603882 -0.6806192834654181
-0.04506979464886092 -0.6339891428220958
-0.04577758686316927 -0.7077922143083545
-0.04654441784541903 -0.7668309822497568
-0.04730939106824098 -0.7649732228219505
-0.04783949467435891 -0.5301036061179306
-0.04876437391315685 -0.9248792387979362
-0.04952598683174679 -0.761612918589942
-0.05020653762960217 -0.680550797855381
-0.05099086858821537 -0.7843309586132025
-0.05175217371624358 -0.7613051280282098
-0.05252467949896488 -0.7725057827212972
-0.05339297733958018 -0.8682978406152966
-0.05418431346987287 -0.7913361302926969
-0.05480284593983592 -0.6185324699630457
-0.05577079502584656 -0.9679490860106388
-0.05661800774363781 -0.84721271779125
-0.05717335557190073 -0.5553478282629212
-0.05796971149047271 -0.796355918571981
-0.05883903209572929 -0.8693206052565807
-0.05960809387289353 -0.7690617771642372
-0.06056508753020331 -0.9569936573097793
-0.06097671646234797 -0.4116289321446642
-0.06205331766415771 -1.076601201809739
-0.06272694171723694 -0.6736240530792331
-0.06317658959627408 -0.4496478790371322
-0.06413326637930949 -0.9566767830354178
-0.06482788783915572 -0.694621459846223
-0.0658006492110236 -0.9727613718678862
-0.06629424283526822 -0.4935936242446148
-0.06639277107221454 -0.09852823694632418
-0.06776128019540142 -1.368509123186881
-0.06844832218839376 -0.6870419929923405
-0.06815691797090784 0.2914042174859272
-0.06966505155843518 -1.508133587527341
-0.07027709825087207 -0.6120466924368906
-0.07025469757513816 0.02240067573390514
-0.07135794211480598 -1.103244539667814
-0.07121200086918034 0.1459412456256415
-0.07193932377398704 -0.7273229048067043
-0.07267934721516639 -0.7400234411793494
-0.07276149929358207 -0.08215207841567873
-0.07237567276078881 0.3858265327932597
-0.07373005615707617 -1.354383396287365
-0.07401110113795659 -0.2810449808804127
-0.07389935389596135 0.1117472419952387
-0.0741017279283163 -0.2023740323549572
-0.07419349857215513 -0.0917706438388205
-0.07342631418167342 0.7671843904817066
-0.07464288501042293 -1.216570828749514
-0.07396947018115274 0.6734148292701914
-0.07483606753440716 -0.8665973532544224
-0.07508738313671202 -0.2513156023048607
-0.07545899397507831 -0.3716108383662875
-0.07479642967940731 0.6625642956710059
-0.07602616238713693 -1.229732707729622
-0.07653739325972861 -0.5112308725916809
-0.07718387715379889 -0.6464838940702794
-0.07735651745963537 -0.1726403058364828
-0.07888301243403105 -1.526494974395678
-0.0792684154132221 -0.3854029791910546
-0.08034782983332125 -1.079414420099151
-0.08079092112474137 -0.4430912914201168
-0.08155090694118691 -0.7599858164455409
-0.08238058906355369 -0.8296821223667816
-0.0831482941207566 -0.7677050572029026
-0.08259851029102519 0.5497838297314067
-0.08518315465486816 -2.584644363842967
-0.08607652364747956 -0.8933689926114013
-0.08695795758001637 -0.8814339325368126
-0.08695907177561184 -0.001114195595466883
-0.0885255471128103 -1.566475337198461
-0.08910626081274946 -0.5807136999391588
-0.08982656187973879 -0.7203010669893373
-0.0905725717941844 -0.7460099144456084
-0.09039590193258948 0.1766698615949247
-0.09243169398514327 -2.035792052553789
-0.09285095472695937 -0.4192607418160993
-0.09329363441722835 -0.4426796902689822
-0.09458306476391976 -1.289430346691406
-0.09529004050095712 -0.7069757370373603
-0.09591492599094442 -0.6248854899873063
-0.0958548486014079 0.06007738953651975
-0.09641631779620874 -0.5614691948008371
-0.09751545772692854 -1.099139930719806
-0.09763597928070036 -0.1205215537718185
-0.09859914772192196 -0.9631684412216013
-0.09946804726151981 -0.8688995395978449
-0.1000370516346915 -0.5690043731717137
-0.1005871332230236 -0.5500815883320437
-0.10089778785476 -0.3106546317364622
-0.1001472008294409 0.7505870253191466
-0.1016527098679137 -1.505509038472783
-0.1024344926480365 -0.7817827801228638
-0.1022584111839734 0.1760814640631714
-0.1033154195953788 -1.057008411405491
-0.1035708523279769 -0.2554327325980932
-0.1041843931875526 -0.6135408595756148
-0.1046171268132914 -0.4327336257388265
-0.1047953892789634 -0.1782624656720549
-0.1044091016730556 0.3862876059078785
-0.105908393164092 -1.499291491036475
-0.106060147843653 -0.1517546795610086
-0.1067463962747668 -0.6862484311137285
-0.1076678250881631 -0.9214288133962828
-0.1082318918969203 -0.5640668087572298
-0.108712642106969 -0.4807502100487443
-0.1088445193414777 -0.131877234508665
-0.1089351997873041 -0.09068044582644097
-0.1090080877710587 -0.07288798375461314
-0.1095591674371729 -0.5510796661141321
-0.1098706977735316 -0.3115303363586952
-0.1097599760179194 0.1107217556122059
-0.11004309604411 -0.2831200261906308
-0.1099374159854611 0.1056800586488743
-0.1100154230553649 -0.07800706990378214
-0.1099707126183811 0.04471043698378585
-0.1100811597486415 -0.1104471302603993
-0.1099159733474006 0.1651864012409271
-0.1097194431231169 0.196530224283703
-0.1094677987578401 0.251644365276818
-0.1091029164390751 0.3648823187650113
-0.1089359715311683 0.1669449079067242
-0.1082891878696845 0.6467836614838102
-0.1077940148736344 0.4951729960501472
-0.1077567079683684 0.03730690526598801
-0.1070792920804669 0.6774158879014891
-0.1069424286229188 0.136863457548056
-0.1055979302819746 1.344498340944203
-0.1051159289329626 0.482001349012065
-0.104088602420264 1.027326512698545
-0.1036680503195817 0.4205521006823837
-0.1024334748839018 1.234575435679841
-0.1026994302565652 -0.2659553726634262
-0.1006886919818353 2.010738274729945
-0.1006458463001022 0.04284568173311409
-0.09973922652063366 0.9066197794685149
-0.09790965457021956 1.829571950414097
-0.09680738416782236 1.102270402397201
-0.09594542338556986 0.8619607822525077
-0.09505416960190416 0.8912537836656964
-0.09452883030344296 0.5253392984611999
-0.09243941161977219 2.089418683670768
-0.0922783808054564 0.1610308143157879
-0.09062453097717614 1.653849828280263
-0.08931087814252266 1.313652834653484
-0.08836449620319932 0.9463819393233375
-0.08666044917598067 1.704047027218644
-0.08540811961025187 1.252329565728807
-0.08467456232631912 0.7335572839327481
-0.08397790419529338 0.6966581310257347
-0.08312097753753224 0.8569266577611451
-0.08140214734736365 1.718830190168594
-0.07967926332130169 1.722884026061952
-0.07844425169050284 1.235011630798852
-0.07775879542256518 0.6854562679376591
-0.07608819903624606 1.670596386319126
-0.07514955415677137 0.9386448794746899
-0.07522573178024018 -0.07617762346881496
-0.07372497205666456 1.50075972357562
-0.07173705037479766 1.9879216818669
-0.07115153638315222 0.5855139916454422
-0.06972851785922814 1.423018523924083
-0.06890562676485196 0.8228910943761797
-0.06812857496582531 0.7770517990266512
-0.06668030694363442 1.448268022190891
-0.06699977665444722 -0.3194697108128003
-0.06520488774918523 1.794888905261985
-0.06440738455269421 0.7975031964910229
-0.06374582966165811 0.6615548910361008
-0.06225771386335194 1.488115798306169
-0.06139945331617566 0.8582605471762761
-0.06065430581861416 0.7451474975615004
-0.06057412448195219 0.08018133666196775
-0.05911002176607911 1.464102715873085
-0.05967772956743347 -0.5677078013543654
-0.0577438154559126 1.933914111520878
-0.05738018907376329 0.363626382149311
-0.05668951132391186 0.6906777498514246
-0.05572297431852935 0.9665370053825103
-0.05531581634575966 0.4071579727696895
-0.05462427208672095 0.6915442590387094
-0.05426598371079519 0.358288375925761
-0.05424034235283889 0.02564135795630335
-0.05293058622940933 1.30975612342956
-0.05238043091396308 0.5501553154462421
-0.05184922562466547 0.5312052892976135
-0.05201112537351038 -0.1618997488449098
-0.051080197378402 0.9309279951083826
-0.05042226103991603 0.6579363384859662
-0.05033019046595678 0.4953189587895909
-0.05064695329324394 -0.3167628272871675
-0.04948687339038063 1.160079902863313
-0.04902029037055019 0.4665830198304424
-0.04825183061121997 0.7684597593302158
-0.04772947293332011 0.5223576778998623
-0.04730956185678544 0.4199110765346695
-0.04605882101863166 1.250740838153783
-0.04523630633850413 0.822514680127527
-0.04520506807231252 0.0312382661916133
-0.04406010318984396 1.144964882468562
-0.04306039521884193 0.9997079710020312
-0.04263111992851282 0.4292752903291078
-0.04155045013582558 1.080669792687242
-0.04094572111927644 0.6047290165491354
-0.03998508525365714 0.9606358656192998
-0.03868794174285411 1.297143510803032
-0.03711133652043812 1.57660522241599
-0.03500368235641644 2.107654164021679
-0.02851804102886654 6.485641327549904
-0.02607131569705205 2.446725331814486
-0.02348316128124538 2.588154415806665
-0.02271721513007192 0.7659461511734661
-0.02079325302640471 1.923962103667211
-0.01933028524014979 1.462967786254918
-0.01772874308817899 1.601542151970798
-0.01631345026687229 1.415292821306702
-0.01393443152840127 2.379018738471017
-0.01147344820443119 2.46098332397008
-0.01052140620271643 0.9520420017147656
-0.009115062141519923 1.406344061196503
-0.007644022868171886 1.471039273348036
-0.007667847276995918 -0.02382440882403147
-0.007048376794147104 0.6194704828488135
-0.006788850930555377 0.2595258635917268
-0.007349386998388367 -0.5605360678329896
-0.007773670651172508 -0.4242836527841411
-0.008710393635191117 -0.9367229840186089
-0.01106602372490737 -2.355630089716251
-0.01124083118226246 -0.1748074573550955
-0.01142090251035334 -0.1800713280908726
-0.0117845236998884 -0.3636211895350662
-0.01168296709685705 0.1015566030313497
-0.01083635579573325 0.846611301123807
-0.01130854798685527 -0.4721921911220294
-0.01069399901360227 0.6145489732530037
-0.01004983777289965 0.6441612407026183
-0.009515650998439288 0.5341867744603647
-0.009472682001523807 0.04296899691548159
-0.009741535086254999 -0.268853084731192
-0.01011381365770668 -0.3722785714516813
-0.01093979615680002 -0.8259824990933372
-0.01152030850852673 -0.5805123517267172
-0.01198950823477792 -0.4691997262511877
-0.01185153705092328 0.1379711838546439
-0.01129044644112879 0.5610906097944894
-0.01075292064202116 0.5375257991076261
-0.00998074561881284 0.7721750232083223
-0.009435402314383053 0.5453433044297872
-0.009065038167275429 0.3703641471076244
-0.008754999984851188 0.310038182424241
-0.008669755183417964 0.08524480143322355
-0.008727504324931801 -0.05774914151383641
-0.008821803909671997 -0.09429958474019631
-0.009066524355966577 -0.2447204462945798
-0.008847375356154721 0.2191489998118554
-0.008636220262596479 0.2111550935582421
-0.008391457230888475 0.2447630317080045
-0.008372046020612124 0.01941121027635058
-0.008141078170591048 0.2309678500210764
-0.008050088464124571 0.09098970646647699
-0.008043556719970448 0.006531744154122596
-0.007913478643151133 0.1300780768193153
-0.007877746657476634 0.03573198567449927
-0.007857908593845593 0.01983806363104086
-0.007830274213352266 0.02763438049332642
-0.007814040168046286 0.01623404530597984
-0.00779745578233469 0.01658438571159639
-0.007802736441234331 -0.005280658899641313
-0.007809712487670865 -0.006976046436533122
-0.007815689710650249 -0.005977222979384848
-0.007830000059734185 -0.01431034908393539
-0.007849150350439553 -0.01915029070536853
-0.007867875214432506 -0.01872486399295305
-0.007857126345847563 0.01074886858494321
-0.007915050303360437 -0.0579239575128742
-0.007927947904399789 -0.01289760103935153
-0.007956025975727352 -0.02807807132756274
-0.007988465805132435 -0.03243982940508323
-0.00799941083894193 -0.01094503380949519
-0.008023504878936622 -0.02409403999469213
-0.008036761700922872 -0.01325682198624958
-0.008037160148064987 -0.0003984471421154129
-0.008043340629872992 -0.006180481808004679
-0.008073944458003485 -0.03060382813049357
-0.008064842809033508 0.009101648969977658
-0.008040306890762192 0.02453591827131577
-0.007996014657432033 0.04429223333015861
-0.007939645092539312 0.0563695648927217
-0.007874335644126724 0.06530944841258782
-0.007776251590899045 0.09808405322767923
-0.007779348208858295 -0.003096617959249919
-0.007624227600106779 0.1551206087515153
-0.007494705158231296 0.1295224418754832
-0.007382486651802696 0.1122185064286003
-0.007275967744275543 0.1065189075271523
-0.007179070404292805 0.09689733998273845
-0.007097736988446282 0.08133341584652329
-0.007109246802010441 -0.01150981356415944
-0.007056972438043001 0.05227436396744011
-0.006935011282026416 0.1219611560165854
-0.006856707752525414 0.07830352950100125
-0.006729706846635332 0.1270009058900821
-0.006641430866486871 0.08827598014846116
-0.006496385075186137 0.145045791300734
-0.006346603596382495 0.1497814788036424
-0.006135498928074291 0.2111046683082041
-0.005972062532804728 0.1634363952695631
-0.005877523626559206 0.09453890624552211
-0.005645465286102999 0.2320583404562069
-0.005501903605983909 0.1435616801190899
-0.005316929043921267 0.1849745620626422
-0.005192860163024384 0.1240688808968821
-0.005154229260403507 0.03863090262087778
-0.005015770752280004 0.1384585081235026
-0.00495175360198456 0.06401715029544404
-0.005048804717440703 -0.09705111545614281
-0.004869790052133817 0.1790146653068859
-0.004783545640477208 0.08624441165660905
-0.004764629600648306 0.01891603982890223
-0.004715781598211157 0.04884800243714835
-0.004694200115193 0.02158148301815727
-0.004677735951963301 0.01646416322969874
-0.004672447424722982 0.005288527240319106
-0.004647868301471743 0.02457912325123934
-0.00464447271106976 0.003395590401983166
-0.00461736606165954 0.02710664941021988
-0.004623762355698097 -0.00639629403855705
-0.004621461605153828 0.002300750544268447
-0.004629045590723651 -0.007583985569822177
-0.004633748569512683 -0.004702978789032121
-0.004643258619553375 -0.009510050040691977
-0.004657774747435127 -0.01451612788175207
-0.004672863280255788 -0.01508853282066076
-0.004687812097493979 -0.01494881723819105
-0.004704255237492308 -0.01644313999832944
-0.00470954860434796 -0.005293366855651724
-0.004708549070630761 0.0009995337171987001
-0.004702689811425234 0.005859259205527254
-0.004688380786487823 0.01430902493741119
-0.004670304365268178 0.01807642121964478
-0.004658023873525646 0.01228049174253204
-0.004634367759847894 0.02365611367775161
-0.004622652603777883 0.0117151560700109
-0.004613016335682824 0.00963626809505954
-0.004604302065645586 0.008714270037238174
-0.004606160052391665 -0.001857986746079017
-0.004599881282789322 0.00627876960234211
-0.004600632101664079 -0.0007508188747569478
-0.004640789293530614 -0.04015719186653468
-0.004591265829186001 0.04952346434461321
-0.004577455642944436 0.01381018624156509
-0.004553523103878038 0.02393253906639737
-0.004517446040919677 0.03607706295836142
-0.004458939916062006 0.05850612485767091
-0.004413879843073775 0.04506007298823132
-0.004337234252980065 0.07664559009371019
-0.004329629435772511 0.007604817207553828
-0.004205004814490602 0.124624621281909
-0.004132072701112116 0.07293211337848579
-0.004061072243342371 0.07100045776974473
-0.003993011489087093 0.06806075425527802
-0.003928199797162224 0.06481169192486952
-0.003866134763511006 0.06206503365121813
-0.003805632878329716 0.06050188518128994
-0.003677008503965225 0.1286243743644907
-0.003620785953501092 0.05622255046413335
-0.003563979158983064 0.05680679451802771
-0.003488075902445806 0.075903256537258
-0.003345537932895556 0.1425379695502494
-0.003264901887973547 0.0806360449220095
-0.003171153471618627 0.09374841635491955
-0.003094620081542045 0.07653339007658273
-0.002999682977813452 0.09493710372859279
-0.002932368377566423 0.06731460024702847
-0.002914530562057569 0.01783781550885417
-0.002876570803445152 0.03795975861241741
-0.003106770426562564 -0.2301996231174126
-0.004105820531948919 -0.9990501053863542
-0.00608861095956796 -1.982790427619042
-0.006835738394071651 -0.747127434503691
-0.006782722269033392 0.05301612503825874
-0.005700026767964026 1.082695501069366
-0.004000565355774991 1.699461412189035
-0.00287402858609172 1.126536769683272
-0.002815418362381315 0.05861022371040454
-0.003914382700744655 -1.09896433836334
-0.005692662062119784 -1.778279361375129
-0.007072162142033192 -1.379500079913408
-0.006650803392819701 0.4213587492134918
-0.00485570549120756 1.795097901612141
-0.003587601465698785 1.268104025508775
-0.004029270277131914 -0.4416688114331291
-0.006027786508691405 -1.998516231559491
-0.006915680348067688 -0.8878938393762827
-0.005084606918201759 1.831073429865929
-0.003847991466766247 1.236615451435511
-0.005472905591801434 -1.624914125035186
-0.006632587650848748 -1.159682059047314
-0.004348498086245242 2.284089564603506
-0.005283386198844229 -0.9348881125989866
-0.005941097774389814 -0.6577115755455852
-0.004798700787653511 1.142396986736302
-0.005715342402531824 -0.9166416148783124
-0.005382726320941954 0.3326160815898694
-0.004990430435969513 1.068647255584073
0 0
0 0
0 0
