0.02309864781987874 1.400131139211457
0.01756132810012805 -5.36288978464396
0.0194356692200965 1.87434111996845
0.01961441419143764 0.178744971341141
0.01936591911013264 -0.2484950813049953
0.02000289376766568 0.6369746575330369
0.02641770121798631 6.414807450320633
0.03250006332838715 6.082362110400835
0.04867548270272275 16.1754193743356
0.05511158434619901 6.436101643476258
0.06202566518904705 6.914080842848044
0.06691051587562025 4.884850686573198
0.08712515085559197 20.21463497997172
0.08957506758691892 2.449916731326954
0.1076089367480871 18.03386916116813
0.1029516536188562 -4.657283129230804
0.1220931723695826 19.14151875072634
0.1095232179410168 -12.56995442856577
0.1203660945098663 10.84287656884946
0.09393539950303295 -26.43069500683331
0.09868415907611899 4.748759573086042
0.09042966212442062 -8.254496951698373
0.09369222429671964 3.262562172299019
0.08682705376504941 -6.865170531670225
0.1038202436648683 16.9931898998189
0.08444790733251316 -19.37233633235516
0.08898687317472216 4.538965842209003
0.09427336740910666 5.286494234384501
0.0837548028265213 -10.51856458258536
0.0902002555458245 6.445452719303204
0.09781066623545277 7.610410689628269
0.08967642354282465 -8.134242692628121
0.09257095169981605 2.894528156991399
0.1056037388701796 13.03278717036356
0.1027864529819398 -2.81728588823979
0.1008664925536714 -1.919960428268447
0.1187657285942896 17.89923604061826
0.1097499864722417 -9.015742122047893
0.1070006670361386 -2.749319436103153
0.1083307863227531 1.330119286614487
0.1137597574772828 5.428971154529727
0.1191356211134624 5.375863636179617
0.1145401747559431 -4.595446357519309
0.1142600761942629 -0.2800985616802365
0.1138215575369489 -0.4385186573139521
0.1129869803970294 -0.8345771399194957
0.1122535237110531 -0.7334566859763664
0.1084328711107212 -3.820652600331875
0.1105643485576853 2.131477446964083
0.1119897838598127 1.425435302127395
0.1085213276018684 -3.468456257944272
0.1085783576251735 0.0570300233051213
0.1073732736519988 -1.205083973174675
0.1053805957173823 -1.992677934616549
0.1060831185959221 0.7025228785397797
0.1043863155035459 -1.696803092376159
0.103971215115416 -0.4151003881298632
0.1038929112317447 -0.07830388367131846
0.1009835067071662 -2.909404524578538
0.1029249403062324 1.941433599066233
0.09781375512175147 -5.111185184480949
0.1032009303942023 5.387175272450861
0.1034334386559448 0.2325082617425089
0.101306448133138 -2.126990522806821
0.1027529772202489 1.446529087110834
0.1071892420685255 4.436264848276653
0.09694515112424068 -10.24409094428483
0.1110345211407881 14.08937001654741
0.1134823083455266 2.447787204738552
0.1131482792408033 -0.3340291047232991
0.1168877497815552 3.739470540751868
0.1212045914909343 4.316841709379085
0.1186457478670534 -2.558843623880869
0.1250273801997563 6.381632332702836
0.1228158046474043 -2.211575552351963
0.1336682270876786 10.85242244027426
0.136598480768364 2.930253680685418
0.1390345797761735 2.436099007809556
0.1360190575772363 -3.015522198937276
0.1420316046217162 6.012547044479954
0.1390869685970886 -2.944636024627606
0.144733463215566 5.646494618477354
0.1422265674278629 -2.506895787703078
0.1368418749826348 -5.384692445228128
0.1459003311290133 9.058456146378541
0.1510786531410441 5.178322012030778
0.1501093000729003 -0.9693530681437745
0.1560285766464902 5.919276573589871
0.154986336923447 -1.042239723043153
0.1606928432905706 5.706506367123581
0.1600913811401675 -0.6014621504031314
0.1498995240284024 -10.19185711176504
0.1638418262516702 13.94230222326781
0.1707975334903606 6.955707238690406
0.1737458810565546 2.94834756619397
0.1679391150231079 -5.806766033446737
0.1758602464759274 7.921131452819529
0.1825167225615825 6.656476085655116
0.1857694297355592 3.252707173976715
0.1802705605252348 -5.498869210324441
0.1866711860061897 6.400625480954935
0.1865695132788272 -0.1016727273625562
0.1891149320269475 2.545418748120281
0.2010699266485992 11.95499462165173
0.1992420060352925 -1.827920613306666
0.207507950284756 8.265944249463475
0.2109419673554565 3.434017070700484
0.2143882527436319 3.446285388175374
0.2075182084798377 -6.870044263794172
0.2099246779884262 2.406469508588527
0.2188448732735844 8.920195285158194
0.2170307590030576 -1.814114270526773
0.2302199677185388 13.18920871548118
0.2278332703941274 -2.38669732441138
0.236598263500252 8.764993106124551
0.2348399549279563 -1.758308572295642
0.2314138777097515 -3.42607721820487
0.2403674624554522 8.953584745700683
0.2426575752276437 2.290112772191544
0.2517620166103295 9.104441382685845
0.2486508288267857 -3.111187783543801
0.2394542205010299 -9.196608325755806
0.2600654315734573 20.61121107242736
0.2628815548221299 2.816123248672642
0.2452873900327877 -17.59416478934223
0.2677268522027752 22.43946216998749
0.270241101652769 2.514249449993844
0.2594702019857359 -10.7708996670331
0.2745666639941194 15.09646200838349
0.2701270518881376 -4.439612105981816
0.2722235248422105 2.096472954072892
0.2742724088735194 2.048884031308928
0.2750468117018704 0.7744028283509508
0.2611390691751193 -13.90774252675114
0.2837179927703491 22.57892359522984
0.2847337874406097 1.015794670260639
0.2789938812514031 -5.739906189206667
0.2862313845420255 7.237503290622449
0.286790052391254 0.5586678492285335
0.2566521069023381 -30.13794548891596
0.2875390152712893 30.88690836895125
0.2655183977008138 -22.02061757047558
0.2887291522890193 23.21075458820554
0.2899674586339498 1.238306344930551
0.2915499505503457 1.582491916395812
0.2794224116689109 -12.12753888143475
0.2883228782271835 8.900466558272591
0.2910359676205581 2.713089393374557
0.2922194792848556 1.183511664297587
0.2865051749068691 -5.71430437798659
0.3037496737763883 17.24449886951929
0.2908834397661662 -12.86623401022213
0.3091367183315493 18.25327856538311
0.3120796714572868 2.942953125737446
0.3077130898343823 -4.36658162290443
0.3105002816613697 2.787191826987334
0.3140490191060207 3.548737444651007
0.2879896814796252 -26.05933762639551
0.3263658462377735 38.37616475814837
0.3295819727766313 3.216126538857722
0.3327807209307374 3.198748154106146
0.3182715456642837 -14.50917526645368
0.3388401340013988 20.56858833711506
0.3343025321966146 -4.537601804784186
0.3364929985579527 2.190466361338073
0.3397601738366159 3.267175278663215
0.3218156966613403 -17.94447717527559
0.3521722884418443 30.35659178050398
0.3548604931330938 2.688204691249474
0.3401425656995294 -14.71792743356437
0.3598057688653236 19.66320316579417
0.352830045825869 -6.975723039454595
0.3646154861704288 11.78544034455981
0.3489603928966026 -15.65509327382619
0.3501695485803572 1.209155683754626
0.3622141562058285 12.04460762547127
0.353996376147947 -8.217780057881486
0.3746515105468207 20.65513439887373
0.3766807174112662 2.029206864445521
0.378633816673399 1.953099262132718
0.3805067770619321 1.872960388533129
0.3735308877932507 -6.975889268681423
0.326373939044882 -47.15694874836868
0.3760218467400014 49.64790769511939
0.3865291901272776 10.50734338727621
0.378646426927074 -7.88276320020359
0.3893996232326327 10.75319630555865
0.3816661074479325 -7.733515784700162
0.391999429485316 10.33332203738346
0.3932522394499274 1.252809964611412
0.3946334718029376 1.381232353010242
0.3374290704101358 -57.20440139280181
0.3874766764586772 50.04760604854141
0.3901758181262421 2.699141667564853
0.3918344135550885 1.658595428846388
0.4040303434139461 12.19592985885759
0.4061125123939118 2.082168979965715
0.4078847236035642 1.77221120965243
0.3996577425661704 -8.226981037393832
0.3772892314854274 -22.368511080743
0.3895249655652508 12.23573407982348
0.4111139755223652 21.58900995711432
0.4011088030324719 -10.0051724898933
0.4010379810811731 -0.07082195129881619
0.4103750452825508 9.337064201377753
0.3884356798154032 -21.93936546714759
0.4083398853123824 19.90420549697919
0.38632659130015 -22.0132940122324
0.3955473844733446 9.220793173194574
0.394440501034984 -1.106883438360573
0.4022442444272933 7.803743392309325
0.389932739394621 -12.31150503267236
0.3882076213306451 -1.72511806397585
0.3753157022730118 -12.89191905763337
0.3929116986993124 17.59599642630067
0.3900573316227038 -2.854367076608577
0.3674935770182837 -22.56375460442017
0.3747862902895652 7.292713271281559
0.3615004074950434 -13.28588279452181
0.3785188755750011 17.01846807995766
0.3658775028818465 -12.64137269315463
0.3716576168028582 5.780113921011798
0.3497736668911317 -21.8839499117266
0.3646126962390775 14.8390293479459
0.3310502469245769 -33.5624493145007
0.3581995648478966 27.1493179233197
0.3465811753764056 -11.61838947149091
0.3448691938479541 -1.711981528451534
0.3429434746484346 -1.92571919951956
0.3466512607173129 3.707786068878394
0.3337564475815758 -12.89481313573715
0.3307004472797861 -3.056000301789707
0.3087662485364393 -21.93419874334679
0.3289444045734295 20.17815603699025
0.3156473164525154 -13.29708812091418
0.3107810453779147 -4.866271074600636
0.3049291922866034 -5.85185309131131
0.3017469972759638 -3.182195010639599
0.3043881455982014 2.641148322237552
0.2999336891498298 -4.454456448371613
0.2956879236041231 -4.245765545706659
0.2695656919732613 -26.1222316308618
0.2655276232573454 -4.038068715915943
0.2783070603625913 12.77943710524598
0.2819455071169616 3.638446754370306
0.2782678792047177 -3.677627912243908
0.2686829242152086 -9.584954989509175
0.2701334120037614 1.450487788552834
0.2586861594480247 -11.4472525557367
0.2416769077585202 -17.00925168950446
0.2514877179272184 9.81081016869817
0.2523175214160899 0.8298034888715167
0.2361694418108784 -16.14807960521156
0.24439138782605 8.22194601517165
0.2339276400532724 -10.46374777277759
0.2319077496854249 -2.019890367847526
0.2340980497340396 2.190300048614674
0.2134618139258543 -20.6362358081853
0.2290200735910041 15.55825966514979
0.2217918889885112 -7.228184602492915
0.2129189261837056 -8.872962804805539
0.2221949940929987 9.276067909293085
0.2194237119211234 -2.771282171875333
0.2124609207811269 -6.962791139996511
0.2040484961569861 -8.412424624140796
0.2109087624449007 6.860266287914612
0.1918133521656547 -19.09541027924597
0.2051638418667818 13.35048970112712
0.1979486900669731 -7.215151799808722
0.1952426616652277 -2.706028401745414
0.1979603429864522 2.717681321224546
0.1913555189349329 -6.604824051519298
0.1894676715139167 -1.887847421016275
0.1845416916977222 -4.92597981619447
0.1828967022796043 -1.644989418117859
0.1906976551703198 7.800952890715501
0.189525842421151 -1.17181274916886
0.1882270015541704 -1.298840866980594
0.1731939637165587 -15.0330378376117
0.181173702946753 7.979739230194293
0.1831414846320063 1.9677816852533
0.1807498567594876 -2.391627872518648
0.1605957762756218 -20.15408048386583
0.17625859820858 15.6628219329582
0.1694948508867149 -6.763747321865105
0.1711917783171456 1.696927430430734
0.155781197187561 -15.41058112958463
0.1663145874229596 10.53339023539862
0.1603281475906359 -5.986439832323692
0.1610373632977755 0.7092157071395822
0.1506138642378428 -10.42349905993267
0.150253350150897 -0.3605140869458456
0.1537701997932013 3.516849642304281
0.150513354494906 -3.25684529829523
0.1383148670345908 -12.19848746031524
0.1432544005800175 4.939533545426672
0.1352146719798323 -8.039728600185203
0.1286456307270748 -6.569041252757452
0.1259720675480087 -2.673563179066141
0.1158552075947997 -10.11685995320902
0.1084105058029012 -7.44470179189842
0.1061848376509923 -2.22566815190893
0.09677116423698186 -9.413673414010463
0.09206991833446555 -4.701245902516304
0.08133488630354918 -10.73503203091637
0.07564437426360422 -5.690512039944958
0.06902854833369655 -6.61582592990767
0.06163906979825773 -7.389478535438823
0.05818784155854648 -3.451228239711251
0.04956053596379785 -8.627305594748627
0.04353333741991741 -6.027198543880438
0.03923468466942957 -4.298652750487846
0.03163203488302303 -7.60264978640654
0.03129751277848181 -0.3345221045412128
0.03087760032518455 -0.4199124532972588
0.03394355218945459 3.065951864270038
0.03633662489589963 2.393072706445037
0.0394536887246449 3.11706382874527
0.04488609524173572 5.432406517090822
0.04947455967016628 4.588464428430562
0.05308150376767698 3.606944097510695
0.05686787493556475 3.78637116788777
0.05911825620292746 2.250381267362711
0.0594703994804338 0.3521432775063435
0.05712863635125476 -2.341763129179046
0.05558269918248211 -1.545937168772653
0.05343779278782867 -2.144906394653437
0.04782794162604222 -5.609851161786445
0.04569214048474714 -2.135801141295087
0.04367812037285486 -2.014020111892278
0.04321900258563245 -0.4591177872224073
0.04385312125252847 0.6341186668960205
0.0451104942861164 1.257373033587923
0.04713050947668068 2.020015190564286
0.0479209343053212 0.7904248286405152
0.04757001671813391 -0.350917587187291
0.04677755850477871 -0.7924582133551974
0.04488601565980412 -1.891542844974586
0.04296882075255982 -1.917194907244298
0.04130313066878804 -1.665690083771786
0.03986514400700723 -1.437986661780806
0.03885690210973557 -1.008241897271667
0.03803339990540004 -0.8235022043355313
0.03783984184993722 -0.1935580554628183
0.0374370267155375 -0.4028151343997213
0.03678085332955542 -0.6561733859820756
0.03627480831007308 -0.5060450194823359
0.03575164350117167 -0.5231648089014107
0.03515873863048037 -0.592904870691302
0.03516510073637073 0.006362105890354852
0.03490842594328845 -0.2566747930822719
0.03479980608700124 -0.108619856287219
0.03466909655165208 -0.1307095353491536
0.03458975572537325 -0.07934082627883421
0.03453657402686201 -0.05318169851123433
0.03453167537181476 -0.004898655047255729
0.03455855810797281 0.02688273615805703
0.03470923528270893 0.1506771747361163
0.03479727291481883 0.08803763210989829
0.03491308881870974 0.1158159038909118
0.0349803722807938 0.06728346208405983
0.03510928066014769 0.1289083793538856
0.03522597498727199 0.1166943271243073
0.03534606831917841 0.1200933319064207
0.03545960355026197 0.11353523108356
0.03559778801127995 0.1381844610179733
0.03574065231706618 0.1428643057862292
0.03583384553307836 0.09319321601217873
0.03587896366792041 0.0451181348420579
0.03592489014179272 0.04592647387231114
0.03611577939158583 0.1908892497931095
0.03615290880276471 0.03712941117887253
0.03616351801753714 0.01060921477243071
0.03618540889420314 0.02189087666600725
0.03619005153005071 0.004642635847568188
0.03612277197313927 -0.06727955691144399
0.03602309037700802 -0.09968159613124583
0.03581160401061258 -0.2114863663954455
0.03573138974045698 -0.0802142701555944
0.03519644331241105 -0.5349464280459334
0.03479417430992963 -0.4022690024814146
0.03425491159143431 -0.5392627184953244
0.03368716314967065 -0.5677484417636602
0.03308899524389079 -0.5981679057798645
0.03254112909758312 -0.5478661463076614
0.03183450182921956 -0.7066272683635618
0.03174382438438827 -0.09067744483129414
0.03095956809889621 -0.7842562854920611
0.0305623468332601 -0.397221265636103
0.03018397971332039 -0.3783671199397154
0.02989978261162451 -0.2841971016958808
0.02964437731588971 -0.255405295734798
0.02930168124756644 -0.3426960683232706
0.02880640523007577 -0.4952760174906715
0.02858409420559299 -0.2223110244827797
0.0281894761795571 -0.3946180260358915
0.02721694270776727 -0.9725334717898236
0.02636802695649467 -0.8489157512726053
0.02555365087187879 -0.8143760846158788
0.02460581051719649 -0.9478403546822958
0.02368411429237324 -0.9216962248232534
0.02307761526264186 -0.606499029731377
0.0224082865268842 -0.6693287357576668
0.02164390106775015 -0.7643854591340461
0.02136756806543421 -0.2763330023159427
0.02085204834018786 -0.5155197252463516
0.02061751271762763 -0.2345356225602301
0.02046656747048578 -0.1509452471418447
0.0204968475412374 0.03028007075162389
0.02051774570287707 0.02089816163966182
0.02060154168777916 0.083795984902095
0.02065453068206987 0.05298899429070567
0.02075360167648806 0.09907099441819681
0.02084747241351627 0.0938707370282052
0.02093009584109001 0.08262342757373725
0.02100480679509561 0.07471095400560235
0.02099258665660037 -0.0122201384952364
0.02098264875967095 -0.009937896929424622
0.02095911860072268 -0.02353015894827198
0.02094484058813385 -0.01427801258882533
0.02089029043129277 -0.05455015684108222
0.02086581034942144 -0.02448008187132603
0.02086316216581236 -0.002648183609080257
0.0208611588108172 -0.002003354995165629
0.02089976335951896 0.03860454870176569
0.02093452638874901 0.03476302923004562
0.02099188772513089 0.05736133638187951
0.02101775435392781 0.02586662879692711
0.0210387090368376 0.02095468290978439
0.02103436441310759 -0.004344623730005021
0.02103249604326547 -0.001868369842120826
0.02094401466062632 -0.0884813826391509
0.0208956992370429 -0.0483154235834185
0.02077972120290111 -0.1159780341417928
0.02069031648045109 -0.08940472245002121
0.02061400353004181 -0.07631295040928104
0.02052142259378758 -0.09258093625423222
0.02043680289362894 -0.08461970015863698
0.02031966224630474 -0.1171406473241959
0.02026742782426143 -0.05223442204330825
0.02016722487134979 -0.100202952911646
0.02006057411589326 -0.1066507554565235
0.01993786825330224 -0.1227058625910202
0.01979162719132355 -0.1462410619786914
0.01967029891269774 -0.1213282786258173
0.01943086535108898 -0.2394335616087567
0.01925662577901416 -0.1742395720748177
0.01908817033242066 -0.1684554465935066
0.01873376027196911 -0.3544100604515425
0.0184182890422373 -0.3154712297318111
0.01805165456486617 -0.3666344773711298
0.01776287751607756 -0.2887770487886125
0.01735095886852855 -0.4119186475490047
0.01693762596044801 -0.4133329080805402
0.01655542399464058 -0.3822019658074327
0.01613933032993466 -0.4160936647059181
0.01548504040277864 -0.654289927156021
0.01531885799551418 -0.166182407264466
0.01494919600352209 -0.3696619919920825
0.0144987593292177 -0.4504366743043938
0.01414083610352572 -0.3579232256919785
0.01370766773382861 -0.4331683696971091
0.01345130218993554 -0.2563655438930761
0.01310986099617766 -0.3414411937578809
0.01291029220154516 -0.1995687946324994
0.01273075801269764 -0.1795341888475178
0.01315653119693501 0.425773184237371
0.01528193201953707 2.125400822602066
0.01962386188865835 4.341929869121273
0.02316585280470192 3.541990916043573
0.02746678172144625 4.300928916744332
0.02912061517312991 1.653833451683659
0.02526006635109642 -3.860548822033492
0.02327659617868829 -1.983470172408134
0.01782822843788041 -5.448367740807872
0.0160906870589685 -1.737541378911918
0.01678097345289541 0.6902863939269172
0.0206995238410305 3.918550388135083
0.02477016217740878 4.070638336378284
0.02823679039595235 3.466628218543571
0.0259619784779059 -2.274811918046449
0.02054356554345582 -5.418412934450084
0.01902705954316952 -1.516506000286303
0.02370529499595881 4.678235452789298
0.0273147350262217 3.609440030262888
0.02533696095047737 -1.977774075744333
0.02021142302392842 -5.125537926548952
0.02337099781863526 3.15957479470684
0.02777105707069891 4.400059252063656
0.02091148385395699 -6.859573216741927
0.02335388322002785 2.442399366070859
0.02623434008086656 2.880456860838713
0.02145513505023579 -4.779205030630763
0.028231439389366 6.776304339130207
0.0209781479637692 -5.559312564659962
0.02811971606500549 7.141568101236294
0.02136664246165511 -6.753073603350382
0.0217785246563699 -2.84130117048928
0.02552932094642846 3.750796290058561
0.02169851668066728 -3.830804265761181
