0.1094814976706918 -0.4501366346523344
0.1199045234465382 10.29236425102048
0.121666825237574 1.762301791035759
0.1213324181847688 -0.3344070528051718
0.1301724520516768 8.840033866908014
0.1455393488366061 15.36689678492925
0.1620368172701261 16.49746843352001
0.1797923340076465 17.75551673752043
0.1878686740499443 8.076340042297819
0.2057019696606853 17.83329561074093
0.2307697996012836 25.06782994059833
0.2480798073469564 17.31000774567284
0.2462867096391063 -1.793097707850189
0.2540817732817008 7.795063642594579
0.2511374515977026 -2.944321683998219
0.2593797835250499 8.242331927347301
0.2487018300538367 -10.6779534712132
0.2550266738439708 6.324843790134094
0.2455223339174103 -9.504339926560522
0.2585103105421818 12.98797662477152
0.2511671591054692 -7.343151436712658
0.2512154369265435 0.04827782107436063
0.2427053082349087 -8.51012869163481
0.2415242671448699 -1.181041090038831
0.2241219151255501 -17.40235201931975
0.2313265547081591 7.204639582608946
0.2226744552780838 -8.65209943007525
0.2154061050882403 -7.268350189843564
0.2149669843768962 -0.4391207113440543
0.2062054212786272 -8.761563098269031
0.1972808714961973 -8.924549782429846
0.1972709028558821 -0.009968640315188848
0.1912926645804645 -5.978238275417685
0.1812156702177834 -10.07699436268109
0.1790419794405784 -2.173690777205
0.1755738227768091 -3.468156663769262
0.1656343515129343 -9.939471263874788
0.1649487338714995 -0.6856176414347936
0.1611524740811491 -3.79625979035042
0.1564708071162315 -4.681666964917564
0.150625028097366 -5.845779018865543
0.1460649093118172 -4.560118785548794
0.1438900004146998 -2.174908897117356
0.1410827670764099 -2.807233338289916
0.1382364428978173 -2.846324178592624
0.1363949020493326 -1.841540848484702
0.1340336151327722 -2.361286916560401
0.132282474171498 -1.751140961274156
0.1305436291403356 -1.738845031162478
0.1299158587153944 -0.6277704249411931
0.1292402870035923 -0.6755717118021032
0.1289824402273757 -0.2578467762165415
0.1293254189225165 0.3429786951407443
0.1291201500660853 -0.2052688564311289
0.1323926716461531 3.272521580067744
0.1323845803142439 -0.008091331909154675
0.1319883340260192 -0.3962462882247386
0.133351340086143 1.363006060123823
0.1425815201058974 9.230180019754341
0.1376700541182886 -4.911465987608721
0.1500596642968356 12.38961017854701
0.1421419686432642 -7.917695653571421
0.1456528748988191 3.510906255554918
0.1540757030072588 8.422828108439612
0.1571831957498693 3.107492742610546
0.1547809980741711 -2.402197675698214
0.1820966150606018 27.31561698643076
0.1579048422715874 -24.19177278901441
0.1585012511951937 0.5964089236062398
0.1647885692125794 6.287318017385774
0.1639291270061919 -0.8594422063875062
0.1582616076401211 -5.66751936607085
0.1711830738288825 12.92146618876142
0.163690075540845 -7.492998288037511
0.1774827131287163 13.79263758787133
0.156363061191713 -21.11965193700335
0.1554755335705183 -0.8875276211947059
0.1544772766024549 -0.9982569680633824
0.1660040859284089 11.52680932595404
0.1524644874700973 -13.5395984583116
0.1629662978827096 10.50181041261222
0.1507623905807982 -12.20390730191134
0.1563304030921238 5.568012511325632
0.1684466618075938 12.11625871546992
0.1537963368458526 -14.65032496174121
0.1473129698289567 -6.483367016895835
0.1522895616599773 4.976591831020616
0.1452459724398737 -7.043589220103674
0.1495723214152518 4.326348975378147
0.1424379789959868 -7.134342419265027
0.145962302615486 3.524323619499226
0.1637890620621855 17.82675944669948
0.1427709784935885 -21.01808356859702
0.1347456452647324 -8.025333228856097
0.1318446516901663 -2.90099357456608
0.138628910360045 6.784258669878668
0.1293691051787811 -9.25980518126382
0.1215537432135982 -7.81536196518294
0.1176517716170109 -3.901971596587256
0.1205678425422133 2.916070925202394
0.1134010731502711 -7.166769391942204
0.1109996167627618 -2.401456387509382
0.1085582663906869 -2.44135037207488
0.09942941018171614 -9.128856208970735
0.09781639344967331 -1.613016732042824
0.09188599193861004 -5.930401511063277
0.08824584094611501 -3.640150992495025
0.08474183013341116 -3.504010812703851
0.08316559128618103 -1.576238847230127
0.08008612302973747 -3.079468256443563
0.07580209019207704 -4.284032837660434
0.07267438486052916 -3.127705331547881
0.07061775266574458 -2.05663219478458
0.06808161080123691 -2.536141864507666
0.06536978359716404 -2.71182720407287
0.06244089991591265 -2.928883681251396
0.05952253077958076 -2.918369136331887
0.05788649851872976 -1.636032260850996
0.05607972369235143 -1.806774826378331
0.05451515735880618 -1.56456633354525
0.05190219855796831 -2.612958800837874
0.04695830073252641 -4.943897825441898
0.04999728456008468 3.038983827558267
0.04882170985284312 -1.175574707241556
0.04442157032547092 -4.400139527372199
0.04786667955722941 3.445109231758489
0.04741271009762386 -0.4539694596055466
0.04480717918450522 -2.605530913118645
0.04671300533761959 1.905826153114375
0.04541105751633565 -1.301947821283948
0.04501015852638934 -0.4008989899463022
0.04469242698558165 -0.3177315408076919
0.044874389334362 0.1819623487803526
0.04203536294857665 -2.839026385785357
0.04584694261481156 3.811579666234917
0.04584351316949239 -0.003429445319169666
0.04490016020342023 -0.9433529660721612
0.04592929672867113 1.029136525250898
0.04603113411513553 0.1018373864644026
0.04065454571289698 -5.376588402238556
0.04630173290806605 5.647187195169074
0.04249469202542019 -3.807040882645864
0.04675080702046142 4.256114995041228
0.04735679589470242 0.6059888742410008
0.04808323572237452 0.7264398276721068
0.04660055202725696 -1.482683695117559
0.04844806084099077 1.847508813733807
0.04884630751883041 0.3982466778396435
0.04970239177984045 0.85608426101004
0.04926264545670146 -0.4397463231389925
0.05178228378308356 2.5196383263821
0.05068524736022743 -1.097036422856128
0.05258663618251329 1.901388822285854
0.0530115510277614 0.424914845248113
0.05267286576062778 -0.3386852671336191
0.05301928000561042 0.3464142449826416
0.05286363753803747 -0.1556424675729501
0.05092257616467029 -1.941061373367185
0.05363524946873072 2.712673304060435
0.05340304936016385 -0.2322001085668726
0.05307572276977557 -0.3273265903882827
0.05201708761446312 -1.058635155312453
0.05214842279573943 0.1313351812763097
0.05117260426384737 -0.9758185318920545
0.05108235741432234 -0.09024684952502887
0.05031955848169523 -0.7627989326271164
0.04954238728747323 -0.7771711942219928
0.04976767041045896 0.2252831229857255
0.04922758547973705 -0.5400849307219124
0.04824527462751417 -0.9823108522228757
0.04827172281191292 0.02644818439875157
0.04773752738463449 -0.5341954272784291
0.04737321081312194 -0.364316571512556
0.04714243304910171 -0.2307777640202305
0.0466427813018177 -0.4996517472840092
0.04644582386461451 -0.1969574372031879
0.04645350165214261 0.007677787528095892
0.04621474698765381 -0.2387546644887981
0.04610407875681966 -0.1106682308341517
0.04605190643020766 -0.05217232661199056
0.04605057721879677 -0.001329211410890097
0.04608407079732575 0.03349357852897722
0.04631738488523925 0.2333140879135012
0.04624228726903155 -0.07509761620769911
0.04633323517561842 0.09094790658686902
0.04659842607484917 0.2651908992307508
0.04667810582304305 0.07967974819387408
0.0469632647818846 0.2851589588415485
0.04720415694866435 0.2408921667797562
0.04753768073506606 0.3335237864017029
0.0479142778176426 0.3765970825765422
0.04868368479366036 0.7694069760177669
0.0484621827138764 -0.2215020797839626
0.04906536687527752 0.6031841614011143
0.04948566364140596 0.420296766128446
0.04977349275202099 0.2878291106150274
0.05017037314254042 0.3968803905194315
0.05056762389486115 0.3972507523207283
0.05105179134802192 0.4841674531607665
0.05170055062526401 0.648759277242096
0.0522719955821332 0.5714449568691923
0.05223301500403321 -0.03898057809999939
0.05267784409689783 0.4448290928646265
0.05339202315646947 0.7141790595716346
0.05388177494720792 0.4897517907384574
0.05509731231569825 1.215537368490324
0.05544024904403418 0.3429367283359283
0.05678179387635678 1.3415448323226
0.05771481613478313 0.9330222584263553
0.05871074806816608 0.9959319333829458
0.05960740172086739 0.8966536527013138
0.06147754191056655 1.870140189699159
0.06265713075282486 1.179588842258314
0.06455379370657954 1.89666295375468
0.06531000585725664 0.7562121506771019
0.06706723190570558 1.75722604844894
0.06988148181869831 2.814249912992728
0.07116163813109652 1.280156312398209
0.07380049274638578 2.63885461528926
0.07415289539321705 0.3524026468312708
0.07689121850615342 2.738323112936369
0.07798095007534643 1.089731569193009
0.0812433823124224 3.262432237075966
0.08135753610450258 0.1141537920801849
0.08594626816828502 4.588732063782436
0.08445517578217822 -1.491092386106799
0.0865300756827426 2.074899900564378
0.08761063778441977 1.080562101677174
0.0882417945624768 0.6311567780570293
0.08798347167406669 -0.2583228884101146
0.08914068307959697 1.157211405530281
0.08923345603880307 0.09277295920610829
0.09021288468843652 0.9794286496334487
0.08997901257130494 -0.2338721171315783
0.09110487906211485 1.12586649080991
0.09197441389580181 0.8695348336869579
0.09307800822667489 1.103594330873078
0.094024433974777 0.9464257481021088
0.09482932502556728 0.8048910507902768
0.0960372317790078 1.207906753440527
0.09720133653812889 1.164104759121084
0.0990026715325833 1.801334994454409
0.09990690371477344 0.9042321821901428
0.1003549785367464 0.4480748219729686
0.1008777231094391 0.5227445726926905
0.1016927143745717 0.8149912651326252
0.102516882065545 0.8241676909732931
0.1030783649755878 0.5614829100428209
0.1040672640748427 0.9888990992548141
0.1044136262314022 0.3463621565595182
0.1054230304888897 1.009404257487509
0.1067060276030217 1.282997114132031
0.107297632733322 0.5916051303002934
0.1089291606110266 1.631527877704555
0.1102576131131171 1.328452502090585
0.1112474618421904 0.98984872907322
0.1126580512793962 1.410589437205789
0.1130960081847717 0.4379569053755417
0.1148674292689721 1.771421084200406
0.1156337965740115 0.7663673050394143
0.1166576954650732 1.02389889106172
0.1177410313630095 1.083335897936299
0.1186294324267132 0.8884010637036921
0.1188573113669972 0.2278789402839904
0.1195409866838019 0.6836753168046467
0.1211902304321381 1.649243748336235
0.1206094048985068 -0.5808255336312712
0.1229714270614482 2.362022162941346
0.123395453383835 0.4240263223868335
0.1244669778963451 1.071524512510108
0.1259102705597164 1.443292663371287
0.1264794443925894 0.5691738328730267
0.1274877996052583 1.008355212668899
0.1272617354365261 -0.2260641687322484
0.128106088986658 0.8443535501319599
0.1300709986501503 1.964909663492304
0.1307785491505312 0.7075505003808769
0.1313976757823382 0.619126631807021
0.1299749721375895 -1.422703644748752
0.1317896066865499 1.814634548960414
0.1329483969795854 1.158790293035505
0.1335997057501573 0.6513087705718457
0.1304760000864774 -3.123705663679865
0.1348511317342553 4.375131647777891
0.1349782502320249 0.1271184977695849
0.1364122848684751 1.434034636450227
0.1349229567962585 -1.489328072216606
0.138105163919429 3.182207123170549
0.1380985346111801 -0.006629308248906618
0.1400445725861444 1.946037974964232
0.1395340318261469 -0.5105407599974576
0.1401516632221031 0.6176313959562196
0.1429170430811409 2.76537985903777
0.1440563750253442 1.139331944203292
0.1417562376294135 -2.300137395930713
0.1465115740431931 4.75533641377962
0.1473444862373102 0.8329121941170747
0.1496337113981858 2.289225160875596
0.1530058138971357 3.372102498949925
0.1526417012499262 -0.3641126472094802
0.1565349169369005 3.893215686974261
0.1635146838723901 6.979766935489656
0.1673024267932643 3.787742920874138
0.1709271683089042 3.624741515639934
0.1792608058703905 8.333637561486279
0.185700432452571 6.43962658218053
0.1928324138780437 7.131981425472722
0.2020506412777374 9.21822739969369
0.2064538332828666 4.403192005129148
0.2187749629402939 12.32112965742729
0.2283974603538855 9.622497413591669
0.2344408250152791 6.043364661393602
0.2438725469617372 9.431721946458026
0.2574238207057692 13.55127374403209
0.259943289136155 2.519468430385752
0.3065493409641178 46.60605182796284
0.3109411127644371 4.391771800319299
0.3128707420170038 1.929629252566678
0.3163626344458648 3.491892428860943
0.3183105377428109 1.947903296946163
0.3187123820728688 0.4018443300578545
0.3196192194967514 0.9068374238826449
0.3202290130977609 0.609793601009434
0.320556699115161 0.3276860174001861
0.3201614008223387 -0.3952982928223658
0.3206601653249451 0.4987645026064413
0.3203650846780258 -0.2950806469193545
0.3204124174156585 0.04733273763268819
0.320041711099035 -0.3707063166234481
0.320254736772625 0.2130256735899949
0.3200376569693116 -0.2170798033133692
0.3196142067169814 -0.4234502523302042
0.318776978043891 -0.8372286730903844
0.3173019487656893 -1.4750292782017
0.3158714799435584 -1.430468822130992
0.3130031666205587 -2.868313322999638
0.3106276297908246 -2.375536829734126
0.3067055162500275 -3.922113540797134
0.3022473722730643 -4.458143976963147
0.2966516065493545 -5.595765723709789
0.2899541145161856 -6.697492033168883
0.2824119975668912 -7.542116949294464
0.275289425653684 -7.122571913207143
0.2710719631142878 -4.217462539396255
0.2626961407474125 -8.375822366875285
0.2520220448044884 -10.67409594292412
0.2426136873855134 -9.408357418974916
0.2325609784286798 -10.05270895683369
0.2200658450765627 -12.49513335211702
0.2128290783963376 -7.236766680225104
0.2026277573792262 -10.20132101711146
0.1919754545854613 -10.65230279376492
0.1861651918579246 -5.81026272753668
0.1748577122871856 -11.30747957073902
0.1626775974141849 -12.18011487300069
0.1542950055325784 -8.382591881606421
0.1412127352766309 -13.08227025594752
0.1341363795523991 -7.07635572423182
0.1245887589985838 -9.547620553815305
0.1151806318333669 -9.408127165216898
0.109658483021484 -5.522148811882857
0.1003942173684094 -9.264265653074602
0.09100281025489285 -9.391407113516589
0.08028603851288672 -10.71677174200612
0.0755602701378995 -4.725768374987227
0.06760173186671205 -7.958538271187448
0.06033868996097254 -7.263041905739509
0.0536201498129394 -6.718540148033136
0.04807389360152234 -5.546256211417064
0.04542130323809165 -2.652590363430692
0.03486527833824028 -10.55602489985137
0.03150387915489261 -3.361399183347664
0.02654755661213693 -4.956322542755683
0.02273970622808992 -3.807850384047007
0.01905577496693186 -3.683931261158065
0.0157294056441148 -3.326369322817057
0.01262255138882186 -3.10685425529294
0.009994348689609821 -2.628202699212037
0.007932660608925481 -2.06168808068434
0.006643688031665038 -1.288972577260443
0.005282439518451817 -1.361248513213221
0.004353508229867875 -0.9289312885839415
0.004239761766193533 -0.1137464636743425
0.003858024514471541 -0.3817372517219922
0.003737972616246581 -0.1200518982249596
0.003811768474390381 0.07379585814380014
0.004387733942291929 0.5759654679015477
0.005191320567994933 0.8035866257030044
0.006334132648162679 1.142812080167746
0.007551180709677679 1.217048061515
0.009206951150403419 1.65577044072574
0.01086982854657074 1.662877396167318
0.012333883476261 1.464054929690265
0.01473840847617873 2.404524999917727
0.01625087459364814 1.512466117469408
0.01807399611420594 1.823121520557802
0.02105528446956925 2.981288355363307
0.02346762796568704 2.412343496117797
0.02561254988563647 2.144921919949426
0.02806388156952024 2.451331683883773
0.03081841706205999 2.754535492539747
0.0324252239015307 1.60680683947071
0.03449977834015513 2.074554438624428
0.03723493483280924 2.735156492654114
0.03845251699764138 1.217582164832136
0.04110708904404184 2.654572046400461
0.04294965036450557 1.842561320463731
0.04492621626322062 1.976565898715053
0.04570108423328018 0.774867970059559
0.04699331488744408 1.292230654163895
0.04779216284105873 0.7988479536146509
0.04873796657989336 0.9458037388346343
0.04983923537901045 1.101268799117088
0.05035429952487341 0.5150641458629562
0.05124166513567133 0.8873656107979272
0.05198774297088541 0.7460778352140762
0.05205874315814647 0.0710001872610555
0.0525772219336265 0.5184787754800371
0.05297214659709319 0.3949246634666823
0.05315526549061363 0.1831188935204481
0.05359976793745706 0.4445024468434297
0.0537778582129731 0.1780902755160393
0.05415650786324011 0.3786496502670086
0.05424271225797829 0.08620439473817909
0.05443104759048736 0.1883353325090667
0.05461640351310788 0.1853559226205198
0.05474803079399413 0.131627280886254
0.05488997477333711 0.1419439793429803
0.05499821427255504 0.108239499217927
0.05519744046897607 0.199226196421029
0.05524099906686103 0.04355859788496286
0.0554272126863033 0.1862136194422659
0.05555106780820802 0.1238551219047285
0.05572873483903745 0.1776670308294287
0.05590388589042524 0.1751510513877882
0.0560822765874238 0.1783906969985635
0.05629269886993225 0.210422282508442
0.05653230740016753 0.2396085302352816
0.0568349954953796 0.3026880952120697
0.05701248446157112 0.1774889661915191
0.05735960854885511 0.3471240872839898
0.05773180345364698 0.3721949047918727
0.05813312926856212 0.4013258149151433
0.05857644796529747 0.4433186967353481
0.05895261317823395 0.3761652129364787
0.05955471496178583 0.6021017835518838
0.0599729792825968 0.4182643208109696
0.06042846131885845 0.4554820362616466
0.0612932269496761 0.8647656308176516
0.06208227065999769 0.7890437103215894
0.06305955655007793 0.97728589008024
0.0638812946212696 0.8217380711916661
0.0650975024737548 1.216207852485204
0.06643641033800511 1.33890786425031
0.06784876776613309 1.41235742812798
0.06952600678600056 1.677239019867466
0.07256198360636072 3.035976820360164
0.07371706899933772 1.155085392976998
0.07591287774243034 2.195808743092623
0.07911765708496518 3.204779342534839
0.08163938523954156 2.52172815457638
0.08537371833873919 3.734333099197629
0.08789027887926516 2.516560540525972
0.09191135060981809 4.021071730552925
0.09533460061790944 3.42325000809135
0.0987349998063838 3.400399188474359
0.1030855846827409 4.35058487635713
0.105386808331925 2.301223649184086
0.1079146960571698 2.527887725244746
0.1074371437787743 -0.4775522783954794
0.1066995901670406 -0.7375536117336379
0.1047240069810417 -1.975583185998941
0.1022786865954126 -2.445320385629085
0.1010854105384355 -1.193276056977138
0.1009614001782939 -0.1240103601415354
0.1022385215599549 1.277121381660917
0.1033306965962388 1.092175036283921
0.1044815952319532 1.150898635714465
0.1041301277601063 -0.3514674718469168
0.1028128944421885 -1.317233317917873
0.1012523777165573 -1.560516725631136
0.1012247595804276 -0.02761813612975339
0.102843896642081 1.619137061653467
0.1038591975503262 1.015300908245184
0.103588658950587 -0.2705385997391757
0.1028538911955493 -0.7347677550377102
0.1039855453787009 1.131654183151559
0.1059376983857001 1.952153006999233
0.105527899623654 -0.4097987620461235
0.1059181744629511 0.3902748392971278
0.1083805124866753 2.462338023724156
0.1074163619227903 -0.964150563885019
0.109777658261557 2.36129633876675
0.1089433340926869 -0.8343241688701514
0.1088373741127692 1.071157386263427
0.1090305077167817 0.1931336040125464
0.108426706007872 -0.6038017089097375
0.1096391993468436 2.838943365619573
0.1085755044670837 -1.063694879759921
0.1099316343053442 1.356129838260445
