angles_trunk 0
0.2 0
0.20031005433254853 0
0.20125284662279214 0
0.20228818440625024 0
0.2025493891966595 0
0.201865304814328 0
0.200351668212544 0
0.19902320370991672 0
0.2001063249379081 0
0.2036004968055102 0
0.2082709147440782 0
0.21109478632031148 0
0.2065684382301723 0
0.19407815412477653 0
0.1852497382357597 0
0.18786507145865566 0
0.1971924806133236 0
0.20041401433470565 0
0.1902444641957913 0
0.17314832022060836 0
0.16232514694867992 0
0.1616472002035004 0
0.16580013459241014 0
0.1679671644798187 0
0.16350792739304054 0
0.1529025683513333 0
0.14185213939044009 0
0.13579335853573932 0
0.13464264113750207 0
0.13403562557461615 0
0.1300112253923136 0
0.12314172077859074 0
0.11875291345358095 0
0.12072587723834716 0
0.12539485832697936 0
0.12723368029974916 0
0.12470943554627476 0
0.12042336231878024 0
0.11841278212877356 0
0.1193606814871084 0
0.1204393956897603 0
0.11982479216225796 0
0.11723938477294965 0
0.113813122780687 0
0.11134860605596407 0
0.11050640164120608 0
0.11001127435701268 0
0.1081388809420672 0
0.10555937851593378 0
0.1042909199396331 0
0.10493333537144528 0
0.10549820075314688 0
0.10471578476844776 0
0.103286362883728 0
0.10276963500063344 0
0.10353992336111556 0
0.10421869407686918 0
0.10413716356351428 0
0.10374848616167674 0
0.1036374558801062 0
0.1040548575281711 0
0.1050034439795788 0
0.10623143887590084 0
0.10759131402689473 0
0.11052874788553606 0
0.11477857173083232 0
0.11802205050838507 0
0.1187297446766312 0
0.1167279621057359 0
0.11419129169881942 0
0.11553791805938385 0
0.1201362459480451 0
0.12748721837055235 0
0.13640699386424934 0
0.1451169243955629 0
0.15213444393148606 0
0.1560888407255129 0
0.15589358017998758 0
0.15119673483983762 0
0.1449476546669632 0
0.14293784883615013 0
0.14577797112394453 0
0.1492431313070333 0
0.1498769225288336 0
0.14603005242397502 0
0.13845394076672854 0
0.13021254811008345 0
0.12455477069552515 0
0.1223346851475972 0
0.12179554505914132 0
0.12086262843174425 0
0.1194607457396762 0
0.11953803754516902 0
0.12200561449374416 0
0.12477198553024445 0
0.12442059226586218 0
0.12034362261816198 0
0.11751332093361135 0
0.12200026948070986 0
0.1281511290412728 0
0.12832768401847974 0
0.12134420139579828 0
0.11243702240148253 0
0.10935083462356696 0
0.11185537663162508 0
0.11415289524866255 0
0.11039817678993173 0
0.10134337007137056 0
0.09402166897527242 0
0.0924740816016967 0
0.09438824672839044 0
0.094048048954263 0
0.08903857299056599 0
0.08302699094794279 0
0.08003261724674217 0
0.08075956225264981 0
0.08175442567174222 0
0.07994563502132968 0
0.07634849641746037 0
0.07473630961395474 0
0.07619845144288817 0
0.0780859088855777 0
0.07832197978325983 0
0.07719332314672539 0
0.07721758965297645 0
0.08023459496051677 0
0.08397864590667653 0
0.08622973520261426 0
0.08689376168066341 0
0.087267078707157 0
0.08832641265410564 0
0.08999602026034507 0
0.09139233330145816 0
0.09191045318041004 0
0.09205397820239967 0
0.09258575745084988 0
0.09366199002393856 0
0.09504157065634962 0
0.0963122696838785 0
0.09715920581412872 0
0.09784979874390727 0
0.0991852413632819 0
0.1010029010748368 0
0.10283866450337063 0
0.10498338669292884 0
0.10710505024368837 0
0.10874357950747852 0
0.110121785552726 0
0.1112318400098663 0
0.11196767138090633 0
0.1123721406357672 0
0.1127401147423889 0
0.11345614081154252 0
0.11492119928381488 0
0.11867146128803545 0
0.12641168824334584 0
0.1364780461337974 0
0.1467078159118277 0
0.15565694572767869 0
0.1622149067729977 0
0.166180228464788 0
0.16773410764125551 0
0.16717091117495567 0
0.16548453283475995 0
0.1637728568670887 0
0.1630604441447455 0
0.16298759907742613 0
0.1618287958061996 0
0.15820832083485045 0
0.15294525959407473 0
0.1487780297863642 0
0.14764196190741333 0
0.1485640303149266 0
0.1483403003573224 0
0.14640682279494316 0
0.14502866266727438 0
0.14598250315920294 0
0.14815717017412636 0
0.14911146740461734 0
0.1476862141265678 0
0.14471001556924984 0
0.14194448563520967 0
0.1401578678347932 0
0.13843072060038275 0
0.1357619769679662 0
0.13249810846843976 0
0.12972404017738773 0
0.1279181843594647 0
0.1264605951293573 0
0.12457922824709095 0
0.1222163106472935 0
0.11984941189416505 0
0.11793989549449925 0
0.11657729210973684 0
0.1154341818428346 0
0.11429858928158708 0
0.11338522018567306 0
0.11282358269183368 0
0.11245035179520414 0
0.11221863528176104 0
0.11196314976504364 0
0.1117017722659796 0
0.11418117785283324 0
0.11998850600694205 0
0.12424142629079375 0
0.12289496396484953 0
0.11865727078877845 0
0.11683514674076252 0
0.12095779439207772 0
0.1282236756970443 0
0.13705228383150478 0
0.14717994145619226 0
0.15813612639067712 0
0.16975127903151566 0
0.1818340483071733 0
0.19743858357327165 0
0.216333685965392 0
0.23453160781710866 0
0.2476237511998478 0
0.25337653064526 0
0.2519576706702976 0
0.2442738294554267 0
0.2341876867853081 0
0.2283662693487921 0
0.2268507536487549 0
0.22530041843241544 0
0.22136696903931827 0
0.2158372656022957 0
0.2112314368195033 0
0.2090269213928304 0
0.2085246205778189 0
0.2077184431298729 0
0.2051936914482812 0
0.20153737262865312 0
0.19899493924059705 0
0.19861571417180807 0
0.1983533081842802 0
0.1958699064404242 0
0.1912744167701252 0
0.18945266554172974 0
0.19248678188302445 0
0.1936273068928719 0
0.18936653112671745 0
0.1820131570728969 0
0.17760439830061026 0
0.17838845163571534 0
0.18052066477563145 0
0.17859800417634406 0
0.1717936761495454 0
0.1654855186379869 0
0.16522838853605365 0
0.16916744577025758 0
0.169821947559711 0
0.16370583634939495 0
0.15549250920680102 0
0.15258160831625142 0
0.1559685535290743 0
0.1589908288682806 0
0.15605979263490585 0
0.1484506350582359 0
0.14276300272262354 0
0.14284408394493944 0
0.14592262755048402 0
0.14643920348676107 0
0.1424190833429455 0
0.13753789454566906 0
0.1371734858354486 0
0.14109584782796494 0
0.14383850373837326 0
0.1424809142477622 0
0.13881740141716184 0
0.1377434003488045 0
0.14109904902305945 0
0.14451128622030476 0
0.14485487303724967 0
0.1436694825240857 0
0.1435764488428803 0
0.14472611564172644 0
0.1456828901563239 0
0.14563291726771144 0
0.14490001588172532 0
0.14439057954751652 0
0.14463343963958528 0
0.14511764858899034 0
0.14512716092782008 0
0.14543883316771186 0
0.1467107735677088 0
0.14727672910354994 0
0.14757472539102487 0
0.1488520603453837 0
0.1511326203123105 0
0.15303869331069944 0
0.15320224259135076 0
0.15162735558140145 0
0.15010405332611182 0
0.15189145378377816 0
0.15706604716664402 0
0.16263707668924265 0
0.16652547252455274 0
0.1679700711227277 0
0.16683400626010006 0
0.16571304776614149 0
0.16759352253308746 0
0.17097716696840526 0
0.1735508089953021 0
0.17365297220934572 0
0.170865923566323 0
0.1659831468005223 0
0.16082573644222806 0
0.15703063030608522 0
0.15555802167258914 0
0.15469880114561155 0
0.15123545081762882 0
0.14539374421264725 0
0.14160193207999258 0
0.1434972559563886 0
0.14825281181676847 0
0.14961291167501595 0
0.14559529350061018 0
0.14045450080845082 0
0.1394626817950043 0
0.14295482890602487 0
0.14525293371923487 0
0.1421140672141508 0
0.1352351029450732 0
0.13136882101794156 0
0.13300075587593532 0
0.13414038617195592 0
0.1310734602010717 0
0.1252230934959575 0
0.12133435642933535 0
0.12076197946728533 0
0.12000207819547748 0
0.1191760817858049 0
0.12310829542257935 0
0.13503258829704587 0
0.14578333631859586 0
0.15151634459742122 0
0.15260485493185758 0
0.1513691239192716 0
0.15103096218244874 0
0.15300508834315604 0
0.15588272273624232 0
0.15817592387087875 0
0.15968059833679593 0
0.15990467880560086 0
0.15776113038782266 0
0.1533201119820802 0
0.15043909008227332 0
0.15211038915006034 0
0.15540573927122758 0
0.1559089262464142 0
0.15129742346001224 0
0.14307224173365835 0
0.13630645264033914 0
0.13369858753097302 0
0.13169214925679953 0
0.1283661960432199 0
0.12410419958544765 0
0.12036912844592715 0
0.11781146696258996 0
0.11572060702993528 0
0.1133077991057024 0
0.10963973699511914 0
0.10416088265683514 0
0.0980813268348377 0
0.09333834919482499 0
0.09068991139586796 0
0.08901500835643437 0
0.08678881708173129 0
0.08343443710478554 0
0.07925326236603009 0
0.0751135923577835 0
0.07207259922074095 0
0.0707643385626904 0
0.07142923978737904 0
0.07238041074492738 0
0.07149985721237383 0
0.0696744595500622 0
0.07068157253424487 0
0.07421661366758395 0
0.07576440022478442 0
0.0738380729016863 0
0.07173127236260761 0
0.07642389269214063 0
0.08367169997302636 0
0.08898153669291804 0
0.0917748541957394 0
0.09398377047935663 0
0.09722427805330144 0
0.10108171215878048 0
0.10442488908569887 0
0.10681000445269463 0
0.10866144135478324 0
0.1106158779679334 0
0.11340950469527113 0
0.11949867843982225 0
0.12540232627269646 0
0.1264959284656476 0
0.12258631977022155 0
0.11812515778471815 0
0.11915100022626053 0
0.12456975144717924 0
0.13096828210480904 0
0.13647419039993736 0
0.1413920877953539 0
0.1456783770846216 0
0.14759492920167666 0
0.14594592492863673 0
0.14134893513598934 0
0.1387754080956544 0
0.14258478752292594 0
0.1491494325097346 0
0.15377044611002208 0
0.15378681083625684 0
0.1490350555741236 0
0.14176081388059625 0
0.1356293442464275 0
0.1306902712825848 0
0.12550075582813652 0
0.12036114457988174 0
0.11679543269483765 0
0.11528591848552378 0
0.1148051227840846 0
0.11429773816482212 0
0.1135814030978499 0
0.1128759037874284 0
0.11179141905476704 0
0.10957468502398196 0
0.10688757826310807 0
0.10400760670091908 0
0.10066858460235363 0
0.09788349753831156 0
0.09662357941284926 0
0.09594066549613983 0
0.09324913284041844 0
0.08941701729348718 0
0.08948033217238052 0
0.09351625691208412 0
0.09559897502024736 0
0.0936732000161138 0
0.0906042653299776 0
0.09100570659732198 0
0.09413134213481256 0
0.09655889414720008 0
0.09757554094701892 0
0.09800934813228086 0
0.09898768000024544 0
0.10080561738401238 0
0.10273302432137003 0
0.10417475521251143 0
0.10530409793182656 0
0.1065998615159285 0
0.1120665881719669 0
0.1225101933290568 0
0.13185768801188602 0
0.13506408405544826 0
0.13076837134386754 0
0.12414014591298216 0
0.1216173298027994 0
0.12494713836169775 0
0.132684263430891 0
0.14203982353891312 0
0.15144097865352582 0
0.15934210952310873 0
0.16387002484671118 0
0.1639312276761069 0
0.15949414020350625 0
0.15320745224228735 0
0.15085315291153156 0
0.1532657347797058 0
0.15591392477470042 0
0.15479201579379676 0
0.1488088489253076 0
0.14063770348357135 0
0.13446328702740562 0
0.13160388631519135 0
0.1293701727194183 0
0.12592326598361314 0
0.1212486338654888 0
0.11660931373640175 0
0.11291258704371222 0
0.11009022396146244 0
0.1076291983012052 0
0.10415859270235817 0
0.09906856701261696 0
0.09347844838377782 0
0.0892266926586137 0
0.08688575969442598 0
0.08536344773317796 0
0.08324906466325434 0
0.07985109284315807 0
0.07558393590831819 0
0.07178670211465069 0
0.0695631546573149 0
0.0694998930965256 0
0.07103153697609768 0
0.07115381651361187 0
0.0691881864479555 0
0.06859198945291448 0
0.07216404809984316 0
0.07539620438709109 0
0.07481319293165954 0
0.07173085054822131 0
0.07311509606647354 0
0.08050749216741508 0
0.08753438823447575 0
0.09177438310988656 0
0.09429338082309527 0
0.09743986937320873 0
0.1016952209193634 0
0.10607104921360404 0
0.10971954312067972 0
0.1126772731310439 0
0.11546527150341016 0
0.12008202036678005 0
0.12796938327326582 0
0.1337182063568251 0
0.13412680144964548 0
0.1299682429877283 0
0.12658260994671075 0
0.12786258396369093 0
0.13247209354597142 0
0.13878659033060392 0
0.14655308771297873 0
0.15480917618317874 0
0.16123982424788186 0
0.16414602523910246 0
0.16298279358846335 0
0.15820180558988653 0
0.15393058492254735 0
0.15574849257332474 0
0.1614178026189664 0
0.16570813271660953 0
0.1651296538174511 0
0.15918880963040927 0
0.1503815974352814 0
0.14268373881331795 0
0.13602478233106355 0
0.12877399893148864 0
0.12203861087161808 0
0.11771152808706856 0
0.11569398095065485 0
0.1141519513907518 0
0.11194655654252256 0
0.10943953531195223 0
0.10752226375094087 0
0.1061152349929393 0
0.1043674710059065 0
0.10033038802678697 0
0.09396940370229664 0
0.08794437549797106 0
0.0842862113947781 0
0.08303661814393952 0
0.08299421590216671 0
0.08089993420058704 0
0.07679207836349303 0
0.07696106077662078 0
0.08269515794552082 0
0.08626142899812263 0
0.08486653480966146 0
0.08200407430162915 0
0.08265329416411116 0
0.08684505128518259 0
0.09126204203654807 0
0.0941136910336483 0
0.09571973455359598 0
0.09749916683434344 0
0.10019256774339387 0
0.1033411252858438 0
0.10622286707009096 0
0.108570097610494 0
0.11148750338175993 0
0.1197210097876423 0
0.13026911177637965 0
0.1372077272198443 0
0.13746217898873714 0
0.13207991870437866 0
0.12778639878947154 0
0.12834451772849914 0
0.13372807256564545 0
0.14173626599105954 0
0.15050519840411242 0
0.15871993967369782 0
0.16455288035095705 0
0.16641289378486468 0
0.16377928727540134 0
0.15765057209131952 0
0.1533757320970843 0
0.1545728475009122 0
0.1580929155903091 0
0.15913423440545185 0
0.15515466151440424 0
0.1471165793189068 0
0.1390397104146033 0
0.13416412716391762 0
0.13130744178501338 0
0.12800124037595606 0
0.12366210499213665 0
0.11930907007802308 0
0.11593510542944604 0
0.113569698457237 0
0.11114701552089712 0
0.10841059889844556 0
0.1053507100212639 0
0.10106734398636646 0
0.09614474031442223 0
0.0921452411664558 0
0.08979693992875895 0
0.08827722026699249 0
0.08615112162909327 0
0.08258993188943611 0
0.07816085795473708 0
0.07466598815748414 0
0.07363085509493021 0
0.07537019456387528 0
0.07660931786400642 0
0.07496342296560354 0
0.07263639982796731 0
0.07472526674136773 0
0.07923310185704498 0
0.0807208838358075 0
0.07847176731352963 0
0.07762776480765926 0
0.08259689729514852 0
0.08854925408388331 0
0.09283191114798924 0
0.09559753821040397 0
0.09847183605822196 0
0.10248839664315716 0
0.10707534903698444 0
0.11121705373696517 0
0.11470905640095375 0
0.11899842370113756 0
0.1277429636729897 0
0.1367880051392808 0
0.1408643258806686 0
0.13851284800850092 0
0.132780073980981 0
0.12965475772010898 0
0.13104199579901754 0
0.13751861652307773 0
0.14697687006233345 0
0.15721759647179182 0
0.16648099310027167 0
0.17276839294064858 0
0.17477033375925513 0
0.17222387122133348 0
0.16610170090696094 0
0.16185555720147726 0
0.1636035195883137 0
0.16790626805077274 0
0.16979027941701258 0
0.16651449052049294 0
0.15862338090888256 0
0.1497300674158977 0
0.14338035964873835 0
0.13878742981644426 0
0.1338591549715607 0
0.12868194199274194 0
0.12428528887237007 0
0.1212770652483671 0
0.11890535436383898 0
0.11610134125944035 0
0.11283744020160714 0
0.11018723454634627 0
0.1069231117812694 0
0.10215443840944648 0
0.09690880095434384 0
0.09283710967468037 0
0.09020898537759016 0
0.08789441171430228 0
0.08467434639105481 0
0.08052913945386443 0
0.07765964045151802 0
0.07907923187784463 0
0.08259012911326527 0
0.08278773389884392 0
0.07950663893097808 0
0.07808909287629907 0
0.08257174998692239 0
0.08735715946462869 0
0.08822709641257281 0
0.08703910264307857 0
0.08903568177063037 0
0.09331734118446418 0
0.09720113546876487 0
0.09978761624480896 0
0.10189464369589957 0
0.10472102245161878 0
0.10837965485468344 0
0.11228395474961028 0
0.11754068082422135 0
0.1271961030077084 0
0.1365978524318119 0
0.14095401239927144 0
0.1390446828132603 0
0.13357562756907168 0
0.13102582107244234 0
0.13340653830615165 0
0.13981620442120873 0
0.148232862272944 0
0.15730364777958927 0
0.1653743005355626 0
0.17037125111003562 0
0.17102286335688555 0
0.16718344457150278 0
0.16084623675499973 0
0.15805603903307974 0
0.16065297837220488 0
0.16420072753090664 0
0.1643241363309922 0
0.1592615031653692 0
0.15069724518427574 0
0.14267933876307387 0
0.1377616557471443 0
0.13416962033716046 0
0.12998983536244849 0
0.12540347401508609 0
0.12146368939327055 0
0.11888493114436388 0
0.1169579937447554 0
0.11448573167006075 0
0.1115509056348671 0
0.10894842484343736 0
0.10545319263721273 0
0.10083445616292687 0
0.09650030050255562 0
0.09371977562154536 0
0.09211399687440153 0
0.09019559344507602 0
0.08678017376841274 0
0.08220139245592767 0
0.07881597017259195 0
0.07904319060144914 0
0.0820857730276915 0
0.0829291952906404 0
0.08031880334339066 0
0.0781661475536767 0
0.08136175191327398 0
0.0859348853296613 0
0.08691995371521423 0
0.08492297878666735 0
0.0860633433693302 0
0.09040784573428834 0
0.0945633690766372 0
0.09742607842877313 0
0.09955798153761826 0
0.1021744390209469 0
0.10574827337655694 0
0.10972782194378368 0
0.11325879091548915 0
0.11723611609722595 0
0.12540579236147598 0
0.13425228328174826 0
0.13853848602039492 0
0.13652849880983836 0
0.13082746228731362 0
0.12758730738105858 0
0.12875278697403736 0
0.13482721154729374 0
0.14399284027229686 0
0.15413561310454313 0
0.16345672670164765 0
0.16984812683280467 0
0.17193622561350966 0
0.16944257422398135 0
0.16332662874064316 0
0.1590015366542024 0
0.16058125867391812 0
0.1647540530675741 0
0.16655885066172674 0
0.1632456597715828 0
0.15537910225445298 0
0.14661768976588624 0
0.14049139539753772 0
0.13631705188339432 0
0.13179477213560814 0
0.1267628622821567 0
0.12224117461192435 0
0.11906570329767766 0
0.11671417479218653 0
0.11404190511844532 0
0.1109979369613197 0
0.10811673963351967 0
0.10419148787465893 0
0.09915291522551052 0
0.0943745515222952 0
0.09110258512658673 0
0.08896838045512973 0
0.0865137330514835 0
0.08278167643973676 0
0.07830402035959137 0
0.0754434969500002 0
0.07672337191303838 0
0.08006016780205685 0
0.08018691333024773 0
0.0769416682744358 0
0.07568007025038928 0
0.08032626380005085 0
0.08513768081731912 0
0.08585544362442411 0
0.0839959887332211 0
0.08575444941680366 0
0.09058753054828048 0
0.0949861280743894 0
0.09776002984136553 0
0.0998070200508297 0
0.10257115643259712 0
0.10626783928627404 0
0.11025327998439458 0
0.11381192546663378 0
0.11943595851205854 0
0.1286226234537156 0
0.1360944361361161 0
0.1379583219638348 0
0.1340469516903689 0
0.12881068674289667 0
0.1270165299419005 0
0.13055638157047347 0
0.13867265295487252 0
0.14855232570705829 0
0.15848202329046165 0
0.16665298590751862 0
0.17121979940613252 0
0.1712829380113239 0
0.1668737646788485 0
0.1606418416521151 0
0.15887354820375812 0
0.1623294174218214 0
0.16600580926221006 0
0.16568995496216288 0
0.1600051431660695 0
0.151098003421117 0
0.1431691190220038 0
0.13813999618428746 0
0.13383388957059775 0
0.12891719653690165 0
0.12400374390120092 0
0.12012870896788262 0
0.11752632797598404 0
0.1151956838320574 0
0.11223917964995613 0
0.10918873149944708 0
0.1065485177302598 0
0.10281779549819242 0
0.09784863335267367 0
0.0931405797769288 0
0.08993097419718714 0
0.08780687934052507 0
0.08543409966838766 0
0.08182286494108393 0
0.07758521499546993 0
0.07558009799195131 0
0.07812229052827907 0
0.08122470311414083 0
0.08041931643874156 0
0.07700951320399163 0
0.0770749949341424 0
0.08225974658224985 0
0.08615723334106871 0
0.08592151949892894 0
0.08500139451629868 0
0.08792498573894139 0
0.092461271395342 0
0.09607119387827487 0
0.0983882266115425 0
0.10055239776889204 0
0.10357767785313368 0
0.10736974251644596 0
0.11125192059649494 0
0.1158861979251075 0
0.12456422511815927 0
0.13345574005970692 0
0.13773446716605442 0
0.13591079146096427 0
0.1304174662892207 0
0.1270524769544502 0
0.12872947875340912 0
0.13558178739095053 0
0.14481803936350365 0
0.15455023649799207 0
0.16321191503481794 0
0.16885097281282507 0
0.17015894935961565 0
0.1668668738071371 0
0.16048190626044148 0
0.1570323883954321 0
0.15938327397195887 0
0.16338150224875264 0
0.1643124132876011 0
0.15995689781347233 0
0.1515678906575988 0
0.14315172159462894 0
0.13769279555497746 0
0.13377271330907245 0
0.1293475844128809 0
0.12448928913619925 0
0.1202363600217297 0
0.11733028440743408 0
0.11514041376337215 0
0.1125282495412233 0
0.1094610313861284 0
0.10676968013890592 0
0.10324488261368824 0
0.0984760724636806 0
0.09377991751425614 0
0.09052322063407424 0
0.08849599294278149 0
0.08636440348637366 0
0.08297341754675637 0
0.07849537562385299 0
0.07527313970163603 0
0.07606044834018755 0
0.07950003577776127 0
0.08016698776342969 0
0.07726231596624494 0
0.07539095244047772 0
0.0792835039039444 0
0.08417952837537873 0
0.08527354045531849 0
0.08352103607227193 0
0.08498322081696749 0
0.08956494788502753 0
0.09387547141579036 0
0.09677421243098873 0
0.09898183993066738 0
0.10176285331348436 0
0.10548749556198532 0
0.10960973456352577 0
0.1133703487107078 0
0.11969609837468413 0
0.1293424137502654 0
0.13678083860395124 0
0.1384249292446084 0
0.134379285028764 0
0.1292683717650776 0
0.12778139237882027 0
0.13182996834108504 0
0.14011994182026444 0
0.14988922942601385 0
0.15957352580556544 0
0.16734884842686698 0
0.1714137755887595 0
0.1709436605902941 0
0.16607692169861615 0
0.160045541783218 0
0.15892000579280313 0
0.16257028427410988 0
0.16587362247481788 0
0.16487673611606427 0
0.15860295839010233 0
0.1496272392972744 0
0.14215133259609486 0
0.13752257591454614 0
0.13336720584909878 0
0.12850859120040908 0
0.12363057286857505 0
0.11976964124400928 0
0.11717583434945775 0
0.11482128129821018 0
0.11181479017810833 0
0.10880288079916507 0
0.1059722382071719 0
0.10195513184648464 0
0.09695404072536523 0
0.09252943793035301 0
0.08963126219055392 0
0.08760324166720257 0
0.0850912582132406 0
0.0812431976839406 0
0.07688911523661564 0
0.07488280408184794 0
0.07727808949067543 0
0.08022197338043356 0
0.07938148677778192 0
0.07604665122602022 0
0.07620695401759818 0
0.08137541971658181 0
0.08515084194526676 0
0.08473214868024545 0
0.08348166287227081 0
0.08655958971912743 0
0.09145740972031767 0
0.09532731294407183 0
0.09780096860257499 0
0.10006161338858924 0
0.10320974371781616 0
0.10719083948960684 0
0.11124972678299172 0
0.11543145526816813 0
0.12361673111309908 0
0.1330676328283509 0
0.13834833651808415 0
0.13743427572856168 0
0.13216128532789856 0
0.1282462454095564 0
0.12907906566261276 0
0.13540287340262408 0
0.14455023129004108 0
0.15437265200017244 0
0.16339069446116047 0
0.1696687567347452 0
0.17174986558186756 0
0.16922957642866246 0
0.16305961024319654 0
0.1586866653734018 0
0.1602051641495296 0
0.1643361864340522 0
0.166070776544293 0
0.16262641617684126 0
0.1546308367659112 0
0.14588698694347976 0
0.13993018138542745 0
0.13588370465767027 0
0.1314816760408113 0
0.12650970450564095 0
0.12198549562494225 0
0.11878799555949662 0
0.11649634299578444 0
0.1139220973042736 0
0.11071055573533203 0
0.10791791318254247 0
0.10470933146379334 0
0.10015951298039602 0
0.09520741111274644 0
0.0914081066290588 0
0.08902932575502724 0
0.08697748595304049 0
0.0839615406468731 0
0.07964505161980791 0
0.07581330463786412 0
0.07546631707262791 0
0.07881473856943969 0
0.08044672163038513 0
0.07817353812115684 0
0.07541777343556805 0
0.07802382322608921 0
0.08326522346466565 0
0.08533530269087425 0
0.08376304073675815 0
0.08413747399239616 0
0.08845263310371453 0
0.09315436558873316 0
0.0964654152376176 0
0.09878285775352642 0
0.10143670756359192 0
0.10507858973395344 0
0.10930870164058416 0
0.11332182028395765 0
0.11986933595452087 0
0.1298147171406999 0
0.137575893499642 0
0.13956682270960455 0
0.13578157164754914 0
0.13065865825059364 0
0.12922950915778805 0
0.13337811097516375 0
0.14152613782652226 0
0.15097886928062704 0
0.1602933975838753 0
0.1677070702876686 0
0.1714375881015716 0
0.17064680189393544 0
0.16552031720291582 0
0.15963686916597658 0
0.15886014550184602 0
0.1625689755648773 0
0.16560834969587435 0
0.16418039083746755 0
0.15755185886652842 0
0.14854880930126654 0
0.14134659255793228 0
0.13696127660661853 0
0.13293764305732247 0
0.1281837028440707 0
0.12343528953468913 0
0.11974461517227235 0
0.11730639884347567 0
0.11503176325564267 0
0.11204235134361527 0
0.1090236030059512 0
0.10633224265246456 0
0.10251076450854074 0
0.09762857504287326 0
0.09322132723717444 0
0.09033479858300283 0
0.08843480377233788 0
0.08614087856089421 0
0.08241952212060175 0
0.07796459394943102 0
0.07563171316902075 0
0.07765878803765794 0
0.08077401003549856 0
0.08034455853153709 0
0.07707770743904263 0
0.07662159046888081 0
0.08138500709535566 0
0.0852775299317631 0
0.08504875370532045 0
0.08367490157466745 0
0.0864724938665272 0
0.09122814805289133 0
0.09511110813172892 0
0.09766970710718766 0
0.09993511871835403 0
0.10303260461465197 0
0.10701001514631467 0
0.11110022083819418 0
0.11529654423694573 0
0.12326673638042028 0
0.13251481591845146 0
0.1378143875993912 0
0.13709062768484467 0
0.13192388327483984 0
0.12801630008009646 0
0.12873941776002834 0
0.13485876964637009 0
0.14384119410919752 0
0.15355469895856272 0
0.1625139953940909 0
0.16876898690804934 0
0.17084009265760558 0
0.16830935226343946 0
0.16213993617689282 0
0.1578133175043917 0
0.1593944788500728 0
0.1635532640966469 0
0.1652930168527996 0
0.16186038765502622 0
0.15388965591840242 0
0.14514775833899196 0
0.1391496502064994 0
0.1350574214918818 0
0.130641314769884 0
0.1257377223764168 0
0.12132770189845456 0
0.11825071177551234 0
0.11603290274073427 0
0.11350640593521727 0
0.11034730818226617 0
0.10763995144619627 0
0.1045263865981534 0
0.10002298049186414 0
0.09506802080767336 0
0.09126746534766657 0
0.08891764102786459 0
0.08691817287006531 0
0.08394252873674714 0
0.0796440324989379 0
0.07586707758007824 0
0.07568023828386831 0
0.0791356552893911 0
0.08070377227527076 0
0.07834234002709407 0
0.07562376851429181 0
0.0783455902237383 0
0.08359278000459278 0
0.08563451359043006 0
0.08414822538656996 0
0.08473300227208969 0
0.08892904329636718 0
0.09341256093106567 0
0.0965843573530211 0
0.0988653156121098 0
0.10150405998970133 0
0.1050924477308716 0
0.10923881026388076 0
0.1132586638259579 0
0.12013196311612008 0
0.12997617393086075 0
0.137317116919121 0
0.13886269938172138 0
0.1347517011788013 0
0.12964676200645936 0
0.12838238789080958 0
0.1327812709629451 0
0.14108357124030682 0
0.1506201213206766 0
0.15994790591992575 0
0.167280963187861 0
0.17085233148101778 0
0.16985672398525434 0
0.16453838724619646 0
0.15874821343163592 0
0.1582284224732702 0
0.16198745730870054 0
0.16486311739536624 0
0.16321357235575468 0
0.15647233672401756 0
0.14752203193588811 0
0.1403938453617022 0
0.13599503525464124 0
0.13194095483643553 0
0.12721955458310152 0
0.12254430648623893 0
0.11892302214476982 0
0.11649593054672495 0
0.11421998515734624 0
0.1112894949325495 0
0.10845557860798764 0
0.1056957346410414 0
0.1016701868510044 0
0.0967690953751695 0
0.09261991782338616 0
0.09003603595153943 0
0.08822643600864326 0
0.08575800427770977 0
0.08180818866036442 0
0.07747752473811817 0
0.07575582419806469 0
0.07838179385933074 0
0.08115590533094487 0
0.08009972540833601 0
0.07678349506903558 0
0.07725287326129697 0
0.08240486629858887 0
0.08585199162655784 0
0.08513716837244331 0
0.08418867898560473 0
0.08742821205730962 0
0.09207363431114728 0
0.09563817279793868 0
0.0979259335178912 0
0.100109884036533 0
0.10319535810906064 0
0.10707409542126882 0
0.11094156228529226 0
0.11467382223801498 0
0.12202586643814302 0
0.1311471940722408 0
0.13661221288303912 0
0.13605390286281108 0
0.13091474833400935 0
0.12687098214391526 0
0.12708217113290765 0
0.13261887404701445 0
0.14152906173347607 0
0.1514764210960969 0
0.1608520610595992 0
0.16765273197772249 0
0.17033451479856387 0
0.1684330447960853 0
0.1626045127106988 0
0.15773262107654334 0
0.15869230170208146 0
0.16292709720472656 0
0.16527705153789224 0
0.16259681289020034 0
0.15504881255431946 0
0.14615273687616245 0
0.13977787452329102 0
0.13567015313613826 0
0.1313566245645033 0
0.12641679960795335 0
0.1218319501539896 0
0.1185580297651552 0
0.1162596674917332 0
0.11373532985737013 0
0.1105609266924268 0
0.10771294689413012 0
0.10433142086104896 0
0.0996384567875692 0
0.09462214048745488 0
0.09081636165950137 0
0.08842511287089316 0
0.08625657407038807 0
0.0830758635949903 0
0.07872112246517649 0
0.07500593223775508 0
0.07484142191829643 0
0.07822713839498252 0
0.07966251215465152 0
0.0771797213821733 0
0.07456704698112468 0
0.07757586610151226 0
0.0829207219776762 0
0.08492744610989289 0
0.0833447306762849 0
0.08380977623327314 0
0.08821159922379676 0
0.09296479975144374 0
0.09625989854238552 0
0.0985361453707233 0
0.10120139433317678 0
0.10485039975471934 0
0.10904527198385748 0
0.11312051018702075 0
0.1199655283397792 0
0.12972511258488345 0
0.13709904688401295 0
0.13879007765116236 0
0.13484148082041486 0
0.12976934832210535 0
0.1286404062843418 0
0.13299133920310635 0
0.141082000227914 0
0.15039526587448174 0
0.1595410010852033 0
0.1667277204634843 0
0.17017126197394347 0
0.16905974230570214 0
0.16366420790585348 0
0.1579650756901058 0
0.15760375052281286 0
0.16138854770529035 0
0.16418057495617952 0
0.1624387105774684 0
0.15566969295934802 0
0.14672926868569522 0
0.13955987706542994 0
0.13507382884417324 0
0.13095203048055098 0
0.1262749504100958 0
0.12175549063243735 0
0.11836541849181492 0
0.11613646067093528 0
0.11399900385658128 0
0.11117365405135306 0
0.10843074851505173 0
0.10596583762985004 0
0.1022408145187776 0
0.09742468801592502 0
0.09319328651125128 0
0.09057637286856406 0
0.08891832852024589 0
0.08670826684318597 0
0.08292007425333467 0
0.07854941545626519 0
0.07672947878863617 0
0.07940690543435817 0
0.08240288975646963 0
0.08153147258375408 0
0.07815236980170685 0
0.07821647761772424 0
0.08328905780924678 0
0.08705153771962895 0
0.08669379389490081 0
0.0859557553965705 0
0.08878034612208166 0
0.0929164083476302 0
0.09621225701255633 0
0.09840953613838033 0
0.1004530642881385 0
0.10328077969435008 0
0.10688615219620767 0
0.11054656102343192 0
0.11395342594154426 0
0.12079518912708785 0
0.12995541732828944 0
0.13580670267421338 0
0.13557753933914532 0
0.13047019736284562 0
0.12613915745850834 0
0.12590523020892067 0
0.1309066526279661 0
0.1396837657478205 0
0.14976795325861192 0
0.15946117110920038 0
0.16674635683104774 0
0.16999423400454344 0
0.16867278323915702 0
0.16322475303866654 0
0.1578782196708434 0
0.1580948573100795 0
0.1622238629806701 0
0.16504679945829695 0
0.1630764424786283 0
0.15601534001841072 0
0.14705554271930854 0
0.14029620603798187 0
0.13607514679691218 0
0.13182317684258346 0
0.12680848293015987 0
0.12198165815050585 0
0.1184031768693166 0
0.11592224863955905 0
0.11335162832247388 0
0.11017251009548262 0
0.10720664883292308 0
0.1035574499921842 0
0.0986665710081232 0
0.0935901324482521 0
0.0897736522920889 0
0.08732297238192377 0
0.08499607524690637 0
0.08163141173756294 0
0.07719093457776917 0
0.07342022384570737 0
0.0730469043849243 0
0.07629025925895097 0
0.07782136260230768 0
0.07544775512928899 0
0.07279899471197958 0
0.07571604374736522 0
0.0811172468616009 0
0.08320837670541588 0
0.08152959480610651 0
0.08153979822363641 0
0.08612485971744456 0
0.09135237111006164 0
0.09502472076236307 0
0.09745809954496368 0
0.10018298889778247 0
0.10393942272865997 0
0.10829062434074996 0
0.11241608374085514 0
0.11796995421642185 0
0.12733524516204853 0
0.1357432573852704 0
0.13897390341480936 0
0.13621417967334296 0
0.13078710456164624 0
0.12820405689053854 0
0.13100202727960164 0
0.13851000930217375 0
0.1478628626959345 0
0.15744918802045013 0
0.16563426714653512 0
0.17050573227268284 0
0.17093686448547296 0
0.1668140411299256 0
0.1604265188241946 0
0.1580817875861452 0
0.16116336090730735 0
0.16487994244127535 0
0.16492797562653908 0
0.1597042277324982 0
0.15100748500106864 0
0.14284089050263749 0
0.13753504519304355 0
0.13328476047076065 0
0.12856599669830418 0
0.12380502532953253 0
0.11997507537561318 0
0.11744617181061555 0
0.11533118228930253 0
0.1126702412617718 0
0.10968289597896716 0
0.10736322566381212 0
0.10427216219630787 0
0.09967569439959194 0
0.09488675900553913 0
0.091497991408837 0
0.0894994475249041 0
0.08761829964449472 0
0.08447810515578834 0
0.08013757420577731 0
0.07730599755180388 0
0.07900588016231512 0
0.0826998807309543 0
0.08299822673144477 0
0.07983783867839282 0
0.07834473767628675 0
0.08252001774467208 0
0.087025591070879 0
0.0876705728544103 0
0.08664108436285825 0
0.08869298528124832 0
0.09264417954206997 0
0.09614961947935527 0
0.09854085610718076 0
0.10055806331121823 0
0.1032046400062464 0
0.1066657537992094 0
0.11039387337372854 0
0.11415438146358416 0
0.12143252246244747 0
0.13056193998716487 0
0.13619808736186154 0
0.13583634309940806 0
0.13067142136958732 0
0.1263349636617637 0
0.12625617819810633 0
0.13183762691110495 0
0.14092391663421933 0
0.15099031688090792 0
0.16045115989649572 0
0.16737033717776906 0
0.17019598358567284 0
0.16841280526706814 0
0.16260955373862698 0
0.15755295956452184 0
0.15826859516706546 0
0.16242480180646268 0
0.16482696221986132 0
0.16223040166283945 0
0.15471929125714828 0
0.14581940410884794 0
0.13944814566219688 0
0.13541308161515125 0
0.1312120346621513 0
0.12628769440552898 0
0.1215779585965448 0
0.1180795076518117 0
0.11560795855841187 0
0.11301477526225093 0
0.10982982548880547 0
0.10689923143681856 0
0.1033528445754066 0
0.09855396807813628 0
0.09355668663032198 0
0.0898213854633364 0
0.08744564374216136 0
0.08522518305187818 0
0.08198534526626923 0
0.07759193407793083 0
0.07381047743449687 0
0.07344817693992439 0
0.07670452604087 0
0.07824989228591887 0
0.07592440710566113 0
0.07328145342141752 0
0.076140446073802 0
0.08149639538507213 0
0.08355529546932106 0
0.08186646733363431 0
0.08197754196251629 0
0.08656904598822547 0
0.0917147082020599 0
0.09530583132610332 0
0.09769904739852243 0
0.10039803359586057 0
0.1041362232802484 0
0.10848705649454972 0
0.11258410098261894 0
0.11819430589934705 0
0.12772727018881552 0
0.136124882460939 0
0.13916030711658306 0
0.13622727050109654 0
0.1309115568603744 0
0.12866490377211867 0
0.13178676640579656 0
0.1394675123809077 0
0.14886887291221162 0
0.15841913846729666 0
0.1664405360241755 0
0.17105528323228014 0
0.17122904694525254 0
0.16691746135281602 0
0.16063536379835033 0
0.1586393082632647 0
0.1619270064688718 0
0.1655871360233791 0
0.16534487226125613 0
0.15973777642404413 0
0.15084944124142707 0
0.1428883078532994 0
0.13789465112550536 0
0.13373017305716225 0
0.12895595445485752 0
0.12411115880730247 0
0.12022516205579495 0
0.11768134444504524 0
0.11551224937893916 0
0.11271279558920674 0
0.10955461912998024 0
0.10707725067611737 0
0.10386888564216792 0
0.09921905211324253 0
0.09438774645402824 0
0.09089780175932884 0
0.08876234435049722 0
0.08678233537897037 0
0.08361658675905803 0
0.07924690215325814 0
0.07622235419217245 0
0.07753766571570192 0
0.08115736160734001 0
0.08164046799064306 0
0.07860363820928694 0
0.07691154933651828 0
0.08096771555010225 0
0.08569396415644172 0
0.08659284592794937 0
0.08529467245371959 0
0.08721057961521443 0
0.09145407810106504 0
0.09532757179935818 0
0.09800357621440996 0
0.10018064802070642 0
0.10296484182942216 0
0.10664495163870104 0
0.11065575931606184 0
0.1151651235442642 0
0.1235419599885418 0
0.13281182079801354 0
0.13798690206384154 0
0.13710772288484488 0
0.13179648166934524 0
0.12784101817155025 0
0.12873135144078182 0
0.13505073221521693 0
0.14406272351230495 0
0.15368952488298834 0
0.16245683980730127 0
0.16845394146865064 0
0.17023137561841076 0
0.16738122020035434 0
0.16105437418443433 0
0.15698773234382715 0
0.15878277491966786 0
0.1627895585770105 0
0.16413249978822267 0
0.16028082199380064 0
0.15213059429157502 0
0.14354389064313494 0
0.13780259985905302 0
0.133905717150164 0
0.12964813791160867 0
0.12485459927738447 0
0.12049037385420965 0
0.11739970631659248 0
0.11517969017871332 0
0.11268547582476328 0
0.1096440539603511 0
0.10695972606661408 0
0.103597975179318 0
0.09895125796757913 0
0.09421226688786634 0
0.09083729103805918 0
0.08879605649443573 0
0.0868122669091405 0
0.08362365793191562 0
0.07917149885607752 0
0.0755762634069346 0
0.07566728369668159 0
0.07903937195175686 0
0.08029402107700719 0
0.07778504338632028 0
0.07534139295114006 0
0.07844595621513116 0
0.08354557974823383 0
0.08518493822564234 0
0.0834268227686383 0
0.08419915179536393 0
0.08862249501124064 0
0.09313291968843854 0
0.09622174794016866 0
0.0984136953728534 0
0.1010348740128935 0
0.1046439344042157 0
0.10876592980940132 0
0.11253940895152127 0
0.11780217606349325 0
0.12683453962839322 0
0.13486018936111474 0
0.1377161279650734 0
0.1346856370256951 0
0.12927354767939694 0
0.12690459871371804 0
0.12962793330109618 0
0.13711074307358326 0
0.1466167017691206 0
0.15640789123143412 0
0.16473258908033753 0
0.16965801468766145 0
0.1701253863563806 0
0.16606497378276774 0
0.1597407923782214 0
0.1574430445411461 0
0.16060440607088886 0
0.16441838138944598 0
0.16451292419584965 0
0.15925280452988466 0
0.1505169015092429 0
0.1424649105356384 0
0.13739883553812335 0
0.13331992674849533 0
0.12862697074473586 0
0.12376823326648805 0
0.11977885490077593 0
0.11711366861752115 0
0.11487764747175508 0
0.1120605155637964 0
0.10904157690252746 0
0.10631644622264863 0
0.10250652722337204 0
0.09755679199914592 0
0.0929676170156361 0
0.08990802022030757 0
0.08788366412889867 0
0.08550828285693206 0
0.08182090133981164 0
0.0774232289112249 0
0.07502632466722793 0
0.07703716249032827 0
0.08025343634558607 0
0.07983860584634737 0
0.07650613429745189 0
0.07600681416298079 0
0.08092025065690372 0
0.08508227210890493 0
0.0851125197565257 0
0.08371285073361583 0
0.0863270975338723 0
0.0910687322770058 0
0.09500092555775888 0
0.09752398052152593 0
0.09970936448202286 0
0.10271424233119056 0
0.10656590232333996 0
0.11058609015072332 0
0.11476158638751895 0
0.1226953424398942 0
0.1319886325737153 0
0.13739785281012906 0
0.13673281950030106 0
0.1314795946890289 0
0.1273871963154808 0
0.12781564559521438 0
0.133798198285937 0
0.1428585952846949 0
0.15272260206570526 0
0.16187364546465907 0
0.16838036698317738 0
0.17073812813878553 0
0.1684808661422256 0
0.16240764537486646 0
0.1577578323481756 0
0.15898472872470576 0
0.1631079577188652 0
0.1650742825241894 0
0.16196524088910266 0
0.1541898574201603 0
0.14534862175491056 0
0.1390710268086978 0
0.1348726468906882 0
0.1304667670648646 0
0.1255255617521494 0
0.1209905776496362 0
0.11774202342645156 0
0.1154449509049098 0
0.11295702771503535 0
0.10985177707750088 0
0.10714473608266582 0
0.10405061340311954 0
0.09958101954925742 0
0.09464309380283206 0
0.09084254236801872 0
0.08849495275031853 0
0.08650690596770197 0
0.08355543214987378 0
0.07928968766232164 0
0.07552996367698628 0
0.07534852853767603 0
0.07884120173122658 0
0.0804694563862641 0
0.07813806077023659 0
0.07539408557770966 0
0.07810991857646289 0
0.08343689371617885 0
0.08556067042112865 0
0.08407098176041951 0
0.08455376475888603 0
0.08870995265263218 0
0.09318968956605332 0
0.09631188397038604 0
0.09848638401665276 0
0.10100846635342137 0
0.10448659703900012 0
0.10852785391075348 0
0.1123219156757703 0
0.1176506599740958 0
0.12684916797324627 0
0.13498079637406069 0
0.1378258653956163 0
0.1347191235394807 0
0.12931758752110895 0
0.12692853183861116 0
0.12984866511108967 0
0.13756676445011626 0
0.14719831444836176 0
0.15702308089287034 0
0.16531909369801592 0
0.17018975524544475 0
0.17059849230350482 0
0.16648506549838996 0
0.16015994514981666 0
0.15790245954746698 0
0.1610738656724507 0
0.1648512454862437 0
0.164856726825979 0
0.1594775781506866 0
0.15067482925827247 0
0.14268024144549346 0
0.13767078017448345 0
0.13354104132166858 0
0.12874854962125654 0
0.1237702107846368 0
0.11965120635402215 0
0.11687380063077273 0
0.1145584584899797 0
0.11167703791739156 0
0.10856233902489193 0
0.10581012042800833 0
0.10204580498914642 0
0.09711160142545472 0
0.09244476293408403 0
0.08924557958919968 0
0.08712002615933569 0
0.08476225283650372 0
0.08115692096470374 0
0.07673024345013775 0
0.07408794408091204 0
0.07577268399221991 0
0.07908164594286253 0
0.07897450277112451 0
0.0757565675157635 0
0.07487485402626624 0
0.07959816043244138 0
0.08401973314264756 0
0.08434521829236342 0
0.08273139756390196 0
0.08508777720933552 0
0.08997176055199547 0
0.09416082815544727 0
0.09688365224028248 0
0.09913003553981567 0
0.10214569172891058 0
0.10607343296786503 0
0.11024230869653556 0
0.11436026263305947 0
0.12220786420906428 0
0.13196847928317734 0
0.13803693562222366 0
0.1379470061215797 0
0.13294602020154458 0
0.12866726635895118 0
0.12883606170620615 0
0.13453726315041206 0
0.14339161746755952 0
0.15310807689033765 0
0.1622172964270589 0
0.16880819481490586 0
0.1713281639589111 0
0.16926345294654946 0
0.16330431578410926 0
0.15845159677822396 0
0.15938706918545487 0
0.16346714634331178 0
0.1655792331424614 0
0.16265017449142838 0
0.1549471891375562 0
0.14606594994520672 0
0.13977796916113713 0
0.13566793478609124 0
0.13136638427454955 0
0.12643359300036866 0
0.1218257577325784 0
0.11848754205289296 0
0.116162662277172 0
0.11367534300713646 0
0.1105021657719834 0
0.1076807755961922 0
0.10466154168918283 0
0.10030140440805237 0
0.0953333698952754 0
0.09135957981209372 0
0.08887022480188622 0
0.08690751902460192 0
0.08412107809959354 0
0.07994397751481655 0
0.07587164792359201 0
0.07493500778338166 0
0.07806945688823352 0
0.08022664007398843 0
0.07844108235620176 0
0.07536151960202238 0
0.07711196680534445 0
0.08241133349105287 0
0.08504507513265475 0
0.0837318168169036 0
0.08348416213021899 0
0.0874540066983474 0
0.09223103963529976 0
0.0956876347792312 0
0.0979850886780124 0
0.1004438084630452 0
0.10388908108878704 0
0.10802306121097094 0
0.11198347278493816 0
0.11701026734346512 0
0.12604652775882158 0
0.1345834528169207 0
0.13811919776365927 0
0.13565543966938953 0
0.13026342381803474 0
0.12752841953518748 0
0.12998606369976487 0
0.1373348418491505 0
0.14672440225000194 0
0.15642757770803506 0
0.1648010258587519 0
0.1699143453164886 0
0.17061985342463498 0
0.16678086128638914 0
0.1604114956093182 0
0.15774876992802686 0
0.16067980321163935 0
0.16457364000774213 0
0.16492226068514906 0
0.15989452334665274 0
0.15120295763180486 0
0.14302853195755022 0
0.13787497513006602 0
0.13381905366011956 0
0.1291595526306465 0
0.1242649227066229 0
0.12017795178643348 0
0.11744450049976307 0
0.11522187169165753 0
0.11244483125986554 0
0.10929514633489584 0
0.10664799665927743 0
0.1031571834394046 0
0.09835805140909387 0
0.09357666988003414 0
0.0902020508370058 0
0.08806501203618841 0
0.08589708631985908 0
0.08252256039420709 0
0.07809126296607087 0
0.07506049098982116 0
0.07624141986801583 0
0.07972686903011783 0
0.08013432532331681 0
0.07708348790993988 0
0.07551957781104142 0
0.07970468179261896 0
0.08441461052332526 0
0.08522228225901346 0
0.08361372703205043 0
0.08548674853766187 0
0.090106231238283 0
0.09429226466834917 0
0.09710622230217876 0
0.09935174316657233 0
0.10224919221063687 0
0.10607191828437083 0
0.11022963348501114 0
0.11439758843154026 0
0.12230038645179313 0
0.1321517567459567 0
0.13833745028097524 0
0.13834231343505554 0
0.13335930716071034 0
0.1289543578427596 0
0.12907406179363795 0
0.1348296617202488 0
0.14371568117068573 0
0.15342032247264714 0
0.1625340083027771 0
0.16917113974006515 0
0.1717464400733441 0
0.16971806195722408 0
0.16375502126907873 0
0.15881746251933704 0
0.15963896565663438 0
0.1636615111540682 0
0.16578647869949226 0
0.1629300284993268 0
0.1553094591344995 0
0.14643952135425528 0
0.1400800601658714 0
0.13592104713109107 0
0.1316230056942223 0
0.1266816827616667 0
0.12203129029041525 0
0.11861074685047746 0
0.11625643554890185 0
0.11380924583595345 0
0.11068689000532128 0
0.10787875068598124 0
0.10488655759498652 0
0.10056435192549708 0
0.09562824744364372 0
0.09167724758265017 0
0.08921267067047821 0
0.087279469833502 0
0.08451470339841555 0
0.08033341818392951 0
0.07620374850798718 0
0.07513320997013828 0
0.07817066148872034 0
0.08041030785623952 0
0.07874100286606839 0
0.07562863516548582 0
0.07717136869576609 0
0.08238434969071116 0
0.08504702626639163 0
0.0837403276294919 0
0.08336913274389718 0
0.08729634351483705 0
0.09210442523284501 0
0.09562563051030117 0
0.09800142797408916 0
0.10050550701473844 0
0.10398327471362837 0
0.2 0
0.20031005433254853 0
0.20125284662279214 0
0.20228818440625024 0
0.2025493891966595 0
0.201865304814328 0
0.200351668212544 0
0.19902320370991672 0
0.2001063249379081 0
0.2036004968055102 0
0.2082709147440782 0
0.21109478632031148 0
0.2065684382301723 0
0.19407815412477653 0
0.1852497382357597 0
0.18786507145865566 0
0.1971924806133236 0
0.20041401433470565 0
0.1902444641957913 0
0.17314832022060836 0
0.16232514694867992 0
0.1616472002035004 0
0.16580013459241014 0
0.1679671644798187 0
0.16350792739304054 0
0.1529025683513333 0
0.14185213939044009 0
0.13579335853573932 0
0.13464264113750207 0
0.13403562557461615 0
0.1300112253923136 0
0.12314172077859074 0
0.11875291345358095 0
0.12072587723834716 0
0.12539485832697936 0
0.12723368029974916 0
0.12470943554627476 0
0.12042336231878024 0
0.11841278212877356 0
0.1193606814871084 0
0.1204393956897603 0
0.11982479216225796 0
0.11723938477294965 0
0.113813122780687 0
0.11134860605596407 0
0.11050640164120608 0
0.11001127435701268 0
0.1081388809420672 0
0.10555937851593378 0
0.1042909199396331 0
0.10493333537144528 0
0.10549820075314688 0
0.10471578476844776 0
0.103286362883728 0
0.10276963500063344 0
0.10353992336111556 0
0.10421869407686918 0
0.10413716356351428 0
0.10374848616167674 0
0.1036374558801062 0
0.1040548575281711 0
0.1050034439795788 0
0.10623143887590084 0
0.10759131402689473 0
0.11052874788553606 0
0.11477857173083232 0
0.11802205050838507 0
0.1187297446766312 0
0.1167279621057359 0
0.11419129169881942 0
0.11553791805938385 0
0.1201362459480451 0
0.12748721837055235 0
0.13640699386424934 0
0.1451169243955629 0
0.15213444393148606 0
0.1560888407255129 0
0.15589358017998758 0
0.15119673483983762 0
0.1449476546669632 0
0.14293784883615013 0
0.14577797112394453 0
0.1492431313070333 0
0.1498769225288336 0
0.14603005242397502 0
0.13845394076672854 0
0.13021254811008345 0
0.12455477069552515 0
0.1223346851475972 0
0.12179554505914132 0
0.12086262843174425 0
0.1194607457396762 0
0.11953803754516902 0
0.12200561449374416 0
0.12477198553024445 0
0.12442059226586218 0
0.12034362261816198 0
0.11751332093361135 0
0.12200026948070986 0
0.1281511290412728 0
0.12832768401847974 0
0.12134420139579828 0
0.11243702240148253 0
0.10935083462356696 0
0.11185537663162508 0
0.11415289524866255 0
0.11039817678993173 0
0.10134337007137056 0
0.09402166897527242 0
0.0924740816016967 0
0.09438824672839044 0
0.094048048954263 0
0.08903857299056599 0
0.08302699094794279 0
0.08003261724674217 0
0.08075956225264981 0
0.08175442567174222 0
0.07994563502132968 0
0.07634849641746037 0
0.07473630961395474 0
0.07619845144288817 0
0.0780859088855777 0
0.07832197978325983 0
0.07719332314672539 0
0.07721758965297645 0
0.08023459496051677 0
0.08397864590667653 0
0.08622973520261426 0
0.08689376168066341 0
0.087267078707157 0
0.08832641265410564 0
0.08999602026034507 0
0.09139233330145816 0
0.09191045318041004 0
0.09205397820239967 0
0.09258575745084988 0
0.09366199002393856 0
0.09504157065634962 0
0.0963122696838785 0
0.09715920581412872 0
0.09784979874390727 0
0.0991852413632819 0
0.1010029010748368 0
0.10283866450337063 0
0.10498338669292884 0
0.10710505024368837 0
0.10874357950747852 0
0.110121785552726 0
0.1112318400098663 0
0.11196767138090633 0
0.1123721406357672 0
0.1127401147423889 0
0.11345614081154252 0
0.11492119928381488 0
0.11867146128803545 0
0.12641168824334584 0
0.1364780461337974 0
0.1467078159118277 0
0.15565694572767869 0
0.1622149067729977 0
0.166180228464788 0
0.16773410764125551 0
0.16717091117495567 0
0.16548453283475995 0
0.1637728568670887 0
0.1630604441447455 0
0.16298759907742613 0
0.1618287958061996 0
0.15820832083485045 0
0.15294525959407473 0
0.1487780297863642 0
0.14764196190741333 0
0.1485640303149266 0
0.1483403003573224 0
0.14640682279494316 0
0.14502866266727438 0
0.14598250315920294 0
0.14815717017412636 0
0.14911146740461734 0
0.1476862141265678 0
0.14471001556924984 0
0.14194448563520967 0
0.1401578678347932 0
0.13843072060038275 0
0.1357619769679662 0
0.13249810846843976 0
0.12972404017738773 0
0.1279181843594647 0
0.1264605951293573 0
0.12457922824709095 0
0.1222163106472935 0
0.11984941189416505 0
0.11793989549449925 0
0.11657729210973684 0
0.1154341818428346 0
0.11429858928158708 0
0.11338522018567306 0
0.11282358269183368 0
0.11245035179520414 0
0.11221863528176104 0
0.11196314976504364 0
0.1117017722659796 0
0.11418117785283324 0
0.11998850600694205 0
0.12424142629079375 0
0.12289496396484953 0
0.11865727078877845 0
0.11683514674076252 0
0.12095779439207772 0
0.1282236756970443 0
0.13705228383150478 0
0.14717994145619226 0
0.15813612639067712 0
0.16975127903151566 0
0.1818340483071733 0
0.19743858357327165 0
0.216333685965392 0
0.23453160781710866 0
0.2476237511998478 0
0.25337653064526 0
0.2519576706702976 0
0.2442738294554267 0
0.2341876867853081 0
0.2283662693487921 0
0.2268507536487549 0
0.22530041843241544 0
0.22136696903931827 0
0.2158372656022957 0
0.2112314368195033 0
0.2090269213928304 0
0.2085246205778189 0
0.2077184431298729 0
0.2051936914482812 0
0.20153737262865312 0
0.19899493924059705 0
0.19861571417180807 0
0.1983533081842802 0
0.1958699064404242 0
0.1912744167701252 0
0.18945266554172974 0
0.19248678188302445 0
0.1936273068928719 0
0.18936653112671745 0
0.1820131570728969 0
0.17760439830061026 0
0.17838845163571534 0
0.18052066477563145 0
0.17859800417634406 0
0.1717936761495454 0
0.1654855186379869 0
0.16522838853605365 0
0.16916744577025758 0
0.169821947559711 0
0.16370583634939495 0
0.15549250920680102 0
0.15258160831625142 0
0.1559685535290743 0
0.1589908288682806 0
0.15605979263490585 0
0.1484506350582359 0
0.14276300272262354 0
0.14284408394493944 0
0.14592262755048402 0
0.14643920348676107 0
0.1424190833429455 0
0.13753789454566906 0
0.1371734858354486 0
0.14109584782796494 0
0.14383850373837326 0
0.1424809142477622 0
0.13881740141716184 0
0.1377434003488045 0
0.14109904902305945 0
0.14451128622030476 0
0.14485487303724967 0
0.1436694825240857 0
0.1435764488428803 0
0.14472611564172644 0
0.1456828901563239 0
0.14563291726771144 0
0.14490001588172532 0
0.14439057954751652 0
0.14463343963958528 0
0.14511764858899034 0
0.14512716092782008 0
0.14543883316771186 0
0.1467107735677088 0
0.14727672910354994 0
0.14757472539102487 0
0.1488520603453837 0
0.1511326203123105 0
0.15303869331069944 0
0.15320224259135076 0
0.15162735558140145 0
0.15010405332611182 0
0.15189145378377816 0
0.15706604716664402 0
0.16263707668924265 0
0.16652547252455274 0
0.1679700711227277 0
0.16683400626010006 0
0.16571304776614149 0
0.16759352253308746 0
0.17097716696840526 0
0.1735508089953021 0
0.17365297220934572 0
0.170865923566323 0
0.1659831468005223 0
0.16082573644222806 0
0.15703063030608522 0
0.15555802167258914 0
0.15469880114561155 0
0.15123545081762882 0
0.14539374421264725 0
0.14160193207999258 0
0.1434972559563886 0
0.14825281181676847 0
0.14961291167501595 0
0.14559529350061018 0
0.14045450080845082 0
0.1394626817950043 0
0.14295482890602487 0
0.14525293371923487 0
0.1421140672141508 0
0.1352351029450732 0
0.13136882101794156 0
0.13300075587593532 0
0.13414038617195592 0
0.1310734602010717 0
0.1252230934959575 0
0.12133435642933535 0
0.12076197946728533 0
0.12000207819547748 0
0.1191760817858049 0
0.12310829542257935 0
0.13503258829704587 0
0.14578333631859586 0
0.15151634459742122 0
0.15260485493185758 0
0.1513691239192716 0
0.15103096218244874 0
0.15300508834315604 0
0.15588272273624232 0
0.15817592387087875 0
0.15968059833679593 0
0.15990467880560086 0
0.15776113038782266 0
0.1533201119820802 0
0.15043909008227332 0
0.15211038915006034 0
0.15540573927122758 0
0.1559089262464142 0
0.15129742346001224 0
0.14307224173365835 0
0.13630645264033914 0
0.13369858753097302 0
0.13169214925679953 0
0.1283661960432199 0
0.12410419958544765 0
0.12036912844592715 0
0.11781146696258996 0
0.11572060702993528 0
0.1133077991057024 0
0.10963973699511914 0
0.10416088265683514 0
0.0980813268348377 0
0.09333834919482499 0
0.09068991139586796 0
0.08901500835643437 0
0.08678881708173129 0
0.08343443710478554 0
0.07925326236603009 0
0.0751135923577835 0
0.07207259922074095 0
0.0707643385626904 0
0.07142923978737904 0
0.07238041074492738 0
0.07149985721237383 0
0.0696744595500622 0
0.07068157253424487 0
0.07421661366758395 0
0.07576440022478442 0
0.0738380729016863 0
0.07173127236260761 0
0.07642389269214063 0
0.08367169997302636 0
0.08898153669291804 0
0.0917748541957394 0
0.09398377047935663 0
0.09722427805330144 0
0.10108171215878048 0
0.10442488908569887 0
0.10681000445269463 0
0.10866144135478324 0
0.1106158779679334 0
0.11340950469527113 0
0.11949867843982225 0
0.12540232627269646 0
0.1264959284656476 0
0.12258631977022155 0
0.11812515778471815 0
0.11915100022626053 0
0.12456975144717924 0
0.13096828210480904 0
0.13647419039993736 0
0.1413920877953539 0
0.1456783770846216 0
0.14759492920167666 0
0.14594592492863673 0
0.14134893513598934 0
0.1387754080956544 0
0.14258478752292594 0
0.1491494325097346 0
0.15377044611002208 0
0.15378681083625684 0
0.1490350555741236 0
0.14176081388059625 0
0.1356293442464275 0
0.1306902712825848 0
0.12550075582813652 0
0.12036114457988174 0
0.11679543269483765 0
0.11528591848552378 0
0.1148051227840846 0
0.11429773816482212 0
0.1135814030978499 0
0.1128759037874284 0
0.11179141905476704 0
0.10957468502398196 0
0.10688757826310807 0
0.10400760670091908 0
0.10066858460235363 0
0.09788349753831156 0
0.09662357941284926 0
0.09594066549613983 0
0.09324913284041844 0
0.08941701729348718 0
0.08948033217238052 0
0.09351625691208412 0
0.09559897502024736 0
0.0936732000161138 0
0.0906042653299776 0
0.09100570659732198 0
0.09413134213481256 0
0.09655889414720008 0
0.09757554094701892 0
0.09800934813228086 0
0.09898768000024544 0
0.10080561738401238 0
0.10273302432137003 0
0.10417475521251143 0
0.10530409793182656 0
0.1065998615159285 0
0.1120665881719669 0
0.1225101933290568 0
0.13185768801188602 0
0.13506408405544826 0
0.13076837134386754 0
0.12414014591298216 0
0.1216173298027994 0
0.12494713836169775 0
0.132684263430891 0
0.14203982353891312 0
0.15144097865352582 0
0.15934210952310873 0
0.16387002484671118 0
0.1639312276761069 0
0.15949414020350625 0
0.15320745224228735 0
0.15085315291153156 0
0.1532657347797058 0
0.15591392477470042 0
0.15479201579379676 0
0.1488088489253076 0
0.14063770348357135 0
0.13446328702740562 0
0.13160388631519135 0
0.1293701727194183 0
0.12592326598361314 0
0.1212486338654888 0
0.11660931373640175 0
0.11291258704371222 0
0.11009022396146244 0
0.1076291983012052 0
0.10415859270235817 0
0.09906856701261696 0
0.09347844838377782 0
0.0892266926586137 0
0.08688575969442598 0
0.08536344773317796 0
0.08324906466325434 0
0.07985109284315807 0
0.07558393590831819 0
0.07178670211465069 0
0.0695631546573149 0
0.0694998930965256 0
0.07103153697609768 0
0.07115381651361187 0
0.0691881864479555 0
0.06859198945291448 0
0.07216404809984316 0
0.07539620438709109 0
0.07481319293165954 0
0.07173085054822131 0
0.07311509606647354 0
0.08050749216741508 0
0.08753438823447575 0
0.09177438310988656 0
0.09429338082309527 0
0.09743986937320873 0
0.1016952209193634 0
0.10607104921360404 0
0.10971954312067972 0
0.1126772731310439 0
0.11546527150341016 0
0.12008202036678005 0
0.12796938327326582 0
0.1337182063568251 0
0.13412680144964548 0
0.1299682429877283 0
0.12658260994671075 0
0.12786258396369093 0
0.13247209354597142 0
0.13878659033060392 0
0.14655308771297873 0
0.15480917618317874 0
0.16123982424788186 0
0.16414602523910246 0
0.16298279358846335 0
0.15820180558988653 0
0.15393058492254735 0
0.15574849257332474 0
0.1614178026189664 0
0.16570813271660953 0
0.1651296538174511 0
0.15918880963040927 0
0.1503815974352814 0
0.14268373881331795 0
0.13602478233106355 0
0.12877399893148864 0
0.12203861087161808 0
0.11771152808706856 0
0.11569398095065485 0
0.1141519513907518 0
0.11194655654252256 0
0.10943953531195223 0
0.10752226375094087 0
0.1061152349929393 0
0.1043674710059065 0
0.10033038802678697 0
0.09396940370229664 0
0.08794437549797106 0
0.0842862113947781 0
0.08303661814393952 0
0.08299421590216671 0
0.08089993420058704 0
0.07679207836349303 0
0.07696106077662078 0
0.08269515794552082 0
0.08626142899812263 0
0.08486653480966146 0
0.08200407430162915 0
0.08265329416411116 0
0.08684505128518259 0
0.09126204203654807 0
0.0941136910336483 0
0.09571973455359598 0
0.09749916683434344 0
0.10019256774339387 0
0.1033411252858438 0
0.10622286707009096 0
0.108570097610494 0
0.11148750338175993 0
0.1197210097876423 0
0.13026911177637965 0
0.1372077272198443 0
0.13746217898873714 0
0.13207991870437866 0
0.12778639878947154 0
0.12834451772849914 0
0.13372807256564545 0
0.14173626599105954 0
0.15050519840411242 0
0.15871993967369782 0
0.16455288035095705 0
0.16641289378486468 0
0.16377928727540134 0
0.15765057209131952 0
0.1533757320970843 0
0.1545728475009122 0
0.1580929155903091 0
0.15913423440545185 0
0.15515466151440424 0
0.1471165793189068 0
0.1390397104146033 0
0.13416412716391762 0
0.13130744178501338 0
0.12800124037595606 0
0.12366210499213665 0
0.11930907007802308 0
0.11593510542944604 0
0.113569698457237 0
0.11114701552089712 0
0.10841059889844556 0
0.1053507100212639 0
0.10106734398636646 0
0.09614474031442223 0
0.0921452411664558 0
0.08979693992875895 0
0.08827722026699249 0
0.08615112162909327 0
0.08258993188943611 0
0.07816085795473708 0
0.07466598815748414 0
0.07363085509493021 0
0.07537019456387528 0
0.07660931786400642 0
0.07496342296560354 0
0.07263639982796731 0
0.07472526674136773 0
0.07923310185704498 0
0.0807208838358075 0
0.07847176731352963 0
0.07762776480765926 0
0.08259689729514852 0
0.08854925408388331 0
0.09283191114798924 0
0.09559753821040397 0
0.09847183605822196 0
0.10248839664315716 0
0.10707534903698444 0
0.11121705373696517 0
0.11470905640095375 0
0.11899842370113756 0
0.1277429636729897 0
0.1367880051392808 0
0.1408643258806686 0
0.13851284800850092 0
0.132780073980981 0
0.12965475772010898 0
0.13104199579901754 0
0.13751861652307773 0
0.14697687006233345 0
0.15721759647179182 0
0.16648099310027167 0
0.17276839294064858 0
0.17477033375925513 0
0.17222387122133348 0
0.16610170090696094 0
0.16185555720147726 0
0.1636035195883137 0
0.16790626805077274 0
0.16979027941701258 0
0.16651449052049294 0
0.15862338090888256 0
0.1497300674158977 0
0.14338035964873835 0
0.13878742981644426 0
0.1338591549715607 0
0.12868194199274194 0
0.12428528887237007 0
0.1212770652483671 0
0.11890535436383898 0
0.11610134125944035 0
0.11283744020160714 0
0.11018723454634627 0
0.1069231117812694 0
0.10215443840944648 0
0.09690880095434384 0
0.09283710967468037 0
0.09020898537759016 0
0.08789441171430228 0
0.08467434639105481 0
0.08052913945386443 0
0.07765964045151802 0
0.07907923187784463 0
0.08259012911326527 0
0.08278773389884392 0
0.07950663893097808 0
0.07808909287629907 0
0.08257174998692239 0
0.08735715946462869 0
0.08822709641257281 0
0.08703910264307857 0
0.08903568177063037 0
0.09331734118446418 0
0.09720113546876487 0
0.09978761624480896 0
0.10189464369589957 0
0.10472102245161878 0
0.10837965485468344 0
0.11228395474961028 0
0.11754068082422135 0
0.1271961030077084 0
0.1365978524318119 0
0.14095401239927144 0
0.1390446828132603 0
0.13357562756907168 0
0.13102582107244234 0
0.13340653830615165 0
0.13981620442120873 0
0.148232862272944 0
0.15730364777958927 0
0.1653743005355626 0
0.17037125111003562 0
0.17102286335688555 0
0.16718344457150278 0
0.16084623675499973 0
0.15805603903307974 0
0.16065297837220488 0
0.16420072753090664 0
0.1643241363309922 0
0.1592615031653692 0
0.15069724518427574 0
0.14267933876307387 0
0.1377616557471443 0
0.13416962033716046 0
0.12998983536244849 0
0.12540347401508609 0
0.12146368939327055 0
0.11888493114436388 0
0.1169579937447554 0
0.11448573167006075 0
0.1115509056348671 0
0.10894842484343736 0
0.10545319263721273 0
0.10083445616292687 0
0.09650030050255562 0
0.09371977562154536 0
0.09211399687440153 0
0.09019559344507602 0
0.08678017376841274 0
0.08220139245592767 0
0.07881597017259195 0
0.07904319060144914 0
0.0820857730276915 0
0.0829291952906404 0
0.08031880334339066 0
0.0781661475536767 0
0.08136175191327398 0
0.0859348853296613 0
0.08691995371521423 0
0.08492297878666735 0
0.0860633433693302 0
0.09040784573428834 0
0.0945633690766372 0
0.09742607842877313 0
0.09955798153761826 0
0.1021744390209469 0
0.10574827337655694 0
0.10972782194378368 0
0.11325879091548915 0
0.11723611609722595 0
0.12540579236147598 0
0.13425228328174826 0
0.13853848602039492 0
0.13652849880983836 0
0.13082746228731362 0
0.12758730738105858 0
0.12875278697403736 0
0.13482721154729374 0
0.14399284027229686 0
0.15413561310454313 0
0.16345672670164765 0
0.16984812683280467 0
0.17193622561350966 0
0.16944257422398135 0
0.16332662874064316 0
0.1590015366542024 0
0.16058125867391812 0
0.1647540530675741 0
0.16655885066172674 0
0.1632456597715828 0
0.15537910225445298 0
0.14661768976588624 0
0.14049139539753772 0
0.13631705188339432 0
0.13179477213560814 0
0.1267628622821567 0
0.12224117461192435 0
0.11906570329767766 0
0.11671417479218653 0
0.11404190511844532 0
0.1109979369613197 0
0.10811673963351967 0
0.10419148787465893 0
0.09915291522551052 0
0.0943745515222952 0
0.09110258512658673 0
0.08896838045512973 0
0.0865137330514835 0
0.08278167643973676 0
0.07830402035959137 0
0.0754434969500002 0
0.07672337191303838 0
0.08006016780205685 0
0.08018691333024773 0
0.0769416682744358 0
0.07568007025038928 0
0.08032626380005085 0
0.08513768081731912 0
0.08585544362442411 0
0.0839959887332211 0
0.08575444941680366 0
0.09058753054828048 0
0.0949861280743894 0
0.09776002984136553 0
0.0998070200508297 0
0.10257115643259712 0
0.10626783928627404 0
0.11025327998439458 0
0.11381192546663378 0
0.11943595851205854 0
0.1286226234537156 0
0.1360944361361161 0
0.1379583219638348 0
0.1340469516903689 0
0.12881068674289667 0
0.1270165299419005 0
0.13055638157047347 0
0.13867265295487252 0
0.14855232570705829 0
0.15848202329046165 0
0.16665298590751862 0
0.17121979940613252 0
0.1712829380113239 0
0.1668737646788485 0
0.1606418416521151 0
0.15887354820375812 0
0.1623294174218214 0
0.16600580926221006 0
0.16568995496216288 0
0.1600051431660695 0
0.151098003421117 0
0.1431691190220038 0
0.13813999618428746 0
0.13383388957059775 0
0.12891719653690165 0
0.12400374390120092 0
0.12012870896788262 0
0.11752632797598404 0
0.1151956838320574 0
0.11223917964995613 0
0.10918873149944708 0
0.1065485177302598 0
0.10281779549819242 0
0.09784863335267367 0
0.0931405797769288 0
0.08993097419718714 0
0.08780687934052507 0
0.08543409966838766 0
0.08182286494108393 0
0.07758521499546993 0
0.07558009799195131 0
0.07812229052827907 0
0.08122470311414083 0
0.08041931643874156 0
0.07700951320399163 0
0.0770749949341424 0
0.08225974658224985 0
0.08615723334106871 0
0.08592151949892894 0
0.08500139451629868 0
0.08792498573894139 0
0.092461271395342 0
0.09607119387827487 0
0.0983882266115425 0
0.10055239776889204 0
0.10357767785313368 0
0.10736974251644596 0
0.11125192059649494 0
0.1158861979251075 0
0.12456422511815927 0
0.13345574005970692 0
0.13773446716605442 0
0.13591079146096427 0
0.1304174662892207 0
0.1270524769544502 0
0.12872947875340912 0
0.13558178739095053 0
0.14481803936350365 0
0.15455023649799207 0
0.16321191503481794 0
0.16885097281282507 0
0.17015894935961565 0
0.1668668738071371 0
0.16048190626044148 0
0.1570323883954321 0
0.15938327397195887 0
0.16338150224875264 0
0.1643124132876011 0
0.15995689781347233 0
0.1515678906575988 0
0.14315172159462894 0
0.13769279555497746 0
0.13377271330907245 0
0.1293475844128809 0
0.12448928913619925 0
0.1202363600217297 0
0.11733028440743408 0
0.11514041376337215 0
0.1125282495412233 0
0.1094610313861284 0
0.10676968013890592 0
0.10324488261368824 0
0.0984760724636806 0
0.09377991751425614 0
0.09052322063407424 0
0.08849599294278149 0
0.08636440348637366 0
0.08297341754675637 0
0.07849537562385299 0
0.07527313970163603 0
0.07606044834018755 0
0.07950003577776127 0
0.08016698776342969 0
0.07726231596624494 0
0.07539095244047772 0
0.0792835039039444 0
0.08417952837537873 0
0.08527354045531849 0
0.08352103607227193 0
0.08498322081696749 0
0.08956494788502753 0
0.09387547141579036 0
0.09677421243098873 0
0.09898183993066738 0
0.10176285331348436 0
0.10548749556198532 0
0.10960973456352577 0
0.1133703487107078 0
0.11969609837468413 0
0.1293424137502654 0
0.13678083860395124 0
0.1384249292446084 0
0.134379285028764 0
0.1292683717650776 0
0.12778139237882027 0
0.13182996834108504 0
0.14011994182026444 0
0.14988922942601385 0
0.15957352580556544 0
0.16734884842686698 0
0.1714137755887595 0
0.1709436605902941 0
0.16607692169861615 0
0.160045541783218 0
0.15892000579280313 0
0.16257028427410988 0
0.16587362247481788 0
0.16487673611606427 0
0.15860295839010233 0
0.1496272392972744 0
0.14215133259609486 0
0.13752257591454614 0
0.13336720584909878 0
0.12850859120040908 0
0.12363057286857505 0
0.11976964124400928 0
0.11717583434945775 0
0.11482128129821018 0
0.11181479017810833 0
0.10880288079916507 0
0.1059722382071719 0
0.10195513184648464 0
0.09695404072536523 0
0.09252943793035301 0
0.08963126219055392 0
0.08760324166720257 0
0.0850912582132406 0
0.0812431976839406 0
0.07688911523661564 0
0.07488280408184794 0
0.07727808949067543 0
0.08022197338043356 0
0.07938148677778192 0
0.07604665122602022 0
0.07620695401759818 0
0.08137541971658181 0
0.08515084194526676 0
0.08473214868024545 0
0.08348166287227081 0
0.08655958971912743 0
0.09145740972031767 0
0.09532731294407183 0
0.09780096860257499 0
0.10006161338858924 0
0.10320974371781616 0
0.10719083948960684 0
0.11124972678299172 0
0.11543145526816813 0
0.12361673111309908 0
0.1330676328283509 0
0.13834833651808415 0
0.13743427572856168 0
0.13216128532789856 0
0.1282462454095564 0
0.12907906566261276 0
0.13540287340262408 0
0.14455023129004108 0
0.15437265200017244 0
0.16339069446116047 0
0.1696687567347452 0
0.17174986558186756 0
0.16922957642866246 0
0.16305961024319654 0
0.1586866653734018 0
0.1602051641495296 0
0.1643361864340522 0
0.166070776544293 0
0.16262641617684126 0
0.1546308367659112 0
0.14588698694347976 0
0.13993018138542745 0
0.13588370465767027 0
0.1314816760408113 0
0.12650970450564095 0
0.12198549562494225 0
0.11878799555949662 0
0.11649634299578444 0
0.1139220973042736 0
0.11071055573533203 0
0.10791791318254247 0
0.10470933146379334 0
0.10015951298039602 0
0.09520741111274644 0
0.0914081066290588 0
0.08902932575502724 0
0.08697748595304049 0
0.0839615406468731 0
0.07964505161980791 0
0.07581330463786412 0
0.07546631707262791 0
0.07881473856943969 0
0.08044672163038513 0
0.07817353812115684 0
0.07541777343556805 0
0.07802382322608921 0
0.08326522346466565 0
0.08533530269087425 0
0.08376304073675815 0
0.08413747399239616 0
0.08845263310371453 0
0.09315436558873316 0
0.0964654152376176 0
0.09878285775352642 0
0.10143670756359192 0
0.10507858973395344 0
0.10930870164058416 0
0.11332182028395765 0
0.11986933595452087 0
0.1298147171406999 0
0.137575893499642 0
0.13956682270960455 0
0.13578157164754914 0
0.13065865825059364 0
0.12922950915778805 0
0.13337811097516375 0
0.14152613782652226 0
0.15097886928062704 0
0.1602933975838753 0
0.1677070702876686 0
0.1714375881015716 0
0.17064680189393544 0
0.16552031720291582 0
0.15963686916597658 0
0.15886014550184602 0
0.1625689755648773 0
0.16560834969587435 0
0.16418039083746755 0
0.15755185886652842 0
0.14854880930126654 0
0.14134659255793228 0
0.13696127660661853 0
0.13293764305732247 0
0.1281837028440707 0
0.12343528953468913 0
0.11974461517227235 0
0.11730639884347567 0
0.11503176325564267 0
0.11204235134361527 0
0.1090236030059512 0
0.10633224265246456 0
0.10251076450854074 0
0.09762857504287326 0
0.09322132723717444 0
0.09033479858300283 0
0.08843480377233788 0
0.08614087856089421 0
0.08241952212060175 0
0.07796459394943102 0
0.07563171316902075 0
0.07765878803765794 0
0.08077401003549856 0
0.08034455853153709 0
0.07707770743904263 0
0.07662159046888081 0
0.08138500709535566 0
0.0852775299317631 0
0.08504875370532045 0
0.08367490157466745 0
0.0864724938665272 0
0.09122814805289133 0
0.09511110813172892 0
0.09766970710718766 0
0.09993511871835403 0
0.10303260461465197 0
0.10701001514631467 0
0.11110022083819418 0
0.11529654423694573 0
0.12326673638042028 0
0.13251481591845146 0
0.1378143875993912 0
0.13709062768484467 0
0.13192388327483984 0
0.12801630008009646 0
0.12873941776002834 0
0.13485876964637009 0
0.14384119410919752 0
0.15355469895856272 0
0.1625139953940909 0
0.16876898690804934 0
0.17084009265760558 0
0.16830935226343946 0
0.16213993617689282 0
0.1578133175043917 0
0.1593944788500728 0
0.1635532640966469 0
0.1652930168527996 0
0.16186038765502622 0
0.15388965591840242 0
0.14514775833899196 0
0.1391496502064994 0
0.1350574214918818 0
0.130641314769884 0
0.1257377223764168 0
0.12132770189845456 0
0.11825071177551234 0
0.11603290274073427 0
0.11350640593521727 0
0.11034730818226617 0
0.10763995144619627 0
0.1045263865981534 0
0.10002298049186414 0
0.09506802080767336 0
0.09126746534766657 0
0.08891764102786459 0
0.08691817287006531 0
0.08394252873674714 0
0.0796440324989379 0
0.07586707758007824 0
0.07568023828386831 0
0.0791356552893911 0
0.08070377227527076 0
0.07834234002709407 0
0.07562376851429181 0
0.0783455902237383 0
0.08359278000459278 0
0.08563451359043006 0
0.08414822538656996 0
0.08473300227208969 0
0.08892904329636718 0
0.09341256093106567 0
0.0965843573530211 0
0.0988653156121098 0
0.10150405998970133 0
0.1050924477308716 0
0.10923881026388076 0
0.1132586638259579 0
0.12013196311612008 0
0.12997617393086075 0
0.137317116919121 0
0.13886269938172138 0
0.1347517011788013 0
0.12964676200645936 0
0.12838238789080958 0
0.1327812709629451 0
0.14108357124030682 0
0.1506201213206766 0
0.15994790591992575 0
0.167280963187861 0
0.17085233148101778 0
0.16985672398525434 0
0.16453838724619646 0
0.15874821343163592 0
0.1582284224732702 0
0.16198745730870054 0
0.16486311739536624 0
0.16321357235575468 0
0.15647233672401756 0
0.14752203193588811 0
0.1403938453617022 0
0.13599503525464124 0
0.13194095483643553 0
0.12721955458310152 0
0.12254430648623893 0
0.11892302214476982 0
0.11649593054672495 0
0.11421998515734624 0
0.1112894949325495 0
0.10845557860798764 0
0.1056957346410414 0
0.1016701868510044 0
0.0967690953751695 0
0.09261991782338616 0
0.09003603595153943 0
0.08822643600864326 0
0.08575800427770977 0
0.08180818866036442 0
0.07747752473811817 0
0.07575582419806469 0
0.07838179385933074 0
0.08115590533094487 0
0.08009972540833601 0
0.07678349506903558 0
0.07725287326129697 0
0.08240486629858887 0
0.08585199162655784 0
0.08513716837244331 0
0.08418867898560473 0
0.08742821205730962 0
0.09207363431114728 0
0.09563817279793868 0
0.0979259335178912 0
0.100109884036533 0
0.10319535810906064 0
0.10707409542126882 0
0.11094156228529226 0
0.11467382223801498 0
0.12202586643814302 0
0.1311471940722408 0
0.13661221288303912 0
0.13605390286281108 0
0.13091474833400935 0
0.12687098214391526 0
0.12708217113290765 0
0.13261887404701445 0
0.14152906173347607 0
0.1514764210960969 0
0.1608520610595992 0
0.16765273197772249 0
0.17033451479856387 0
0.1684330447960853 0
0.1626045127106988 0
0.15773262107654334 0
0.15869230170208146 0
0.16292709720472656 0
0.16527705153789224 0
0.16259681289020034 0
0.15504881255431946 0
0.14615273687616245 0
0.13977787452329102 0
0.13567015313613826 0
0.1313566245645033 0
0.12641679960795335 0
0.1218319501539896 0
0.1185580297651552 0
0.1162596674917332 0
0.11373532985737013 0
0.1105609266924268 0
0.10771294689413012 0
0.10433142086104896 0
0.0996384567875692 0
0.09462214048745488 0
0.09081636165950137 0
0.08842511287089316 0
0.08625657407038807 0
0.0830758635949903 0
0.07872112246517649 0
0.07500593223775508 0
0.07484142191829643 0
0.07822713839498252 0
0.07966251215465152 0
0.0771797213821733 0
0.07456704698112468 0
0.07757586610151226 0
0.0829207219776762 0
0.08492744610989289 0
0.0833447306762849 0
0.08380977623327314 0
0.08821159922379676 0
0.09296479975144374 0
0.09625989854238552 0
0.0985361453707233 0
0.10120139433317678 0
0.10485039975471934 0
0.10904527198385748 0
0.11312051018702075 0
0.1199655283397792 0
0.12972511258488345 0
0.13709904688401295 0
0.13879007765116236 0
0.13484148082041486 0
0.12976934832210535 0
0.1286404062843418 0
0.13299133920310635 0
0.141082000227914 0
0.15039526587448174 0
0.1595410010852033 0
0.1667277204634843 0
0.17017126197394347 0
0.16905974230570214 0
0.16366420790585348 0
0.1579650756901058 0
0.15760375052281286 0
0.16138854770529035 0
0.16418057495617952 0
0.1624387105774684 0
0.15566969295934802 0
0.14672926868569522 0
0.13955987706542994 0
0.13507382884417324 0
0.13095203048055098 0
0.1262749504100958 0
0.12175549063243735 0
0.11836541849181492 0
0.11613646067093528 0
0.11399900385658128 0
0.11117365405135306 0
0.10843074851505173 0
0.10596583762985004 0
0.1022408145187776 0
0.09742468801592502 0
0.09319328651125128 0
0.09057637286856406 0
0.08891832852024589 0
0.08670826684318597 0
0.08292007425333467 0
0.07854941545626519 0
0.07672947878863617 0
0.07940690543435817 0
0.08240288975646963 0
0.08153147258375408 0
0.07815236980170685 0
0.07821647761772424 0
0.08328905780924678 0
0.08705153771962895 0
0.08669379389490081 0
0.0859557553965705 0
0.08878034612208166 0
0.0929164083476302 0
0.09621225701255633 0
0.09840953613838033 0
0.1004530642881385 0
0.10328077969435008 0
0.10688615219620767 0
0.11054656102343192 0
0.11395342594154426 0
0.12079518912708785 0
0.12995541732828944 0
0.13580670267421338 0
0.13557753933914532 0
0.13047019736284562 0
0.12613915745850834 0
0.12590523020892067 0
0.1309066526279661 0
0.1396837657478205 0
0.14976795325861192 0
0.15946117110920038 0
0.16674635683104774 0
0.16999423400454344 0
0.16867278323915702 0
0.16322475303866654 0
0.1578782196708434 0
0.1580948573100795 0
0.1622238629806701 0
0.16504679945829695 0
0.1630764424786283 0
0.15601534001841072 0
0.14705554271930854 0
0.14029620603798187 0
0.13607514679691218 0
0.13182317684258346 0
0.12680848293015987 0
0.12198165815050585 0
0.1184031768693166 0
0.11592224863955905 0
0.11335162832247388 0
0.11017251009548262 0
0.10720664883292308 0
0.1035574499921842 0
0.0986665710081232 0
0.0935901324482521 0
0.0897736522920889 0
0.08732297238192377 0
0.08499607524690637 0
0.08163141173756294 0
0.07719093457776917 0
0.07342022384570737 0
0.0730469043849243 0
0.07629025925895097 0
0.07782136260230768 0
0.07544775512928899 0
0.07279899471197958 0
0.07571604374736522 0
0.0811172468616009 0
0.08320837670541588 0
0.08152959480610651 0
0.08153979822363641 0
0.08612485971744456 0
0.09135237111006164 0
0.09502472076236307 0
0.09745809954496368 0
0.10018298889778247 0
0.10393942272865997 0
0.10829062434074996 0
0.11241608374085514 0
0.11796995421642185 0
0.12733524516204853 0
0.1357432573852704 0
0.13897390341480936 0
0.13621417967334296 0
0.13078710456164624 0
0.12820405689053854 0
0.13100202727960164 0
0.13851000930217375 0
0.1478628626959345 0
0.15744918802045013 0
0.16563426714653512 0
0.17050573227268284 0
0.17093686448547296 0
0.1668140411299256 0
0.1604265188241946 0
0.1580817875861452 0
0.16116336090730735 0
0.16487994244127535 0
0.16492797562653908 0
0.1597042277324982 0
0.15100748500106864 0
0.14284089050263749 0
0.13753504519304355 0
0.13328476047076065 0
0.12856599669830418 0
0.12380502532953253 0
0.11997507537561318 0
0.11744617181061555 0
0.11533118228930253 0
0.1126702412617718 0
0.10968289597896716 0
0.10736322566381212 0
0.10427216219630787 0
0.09967569439959194 0
0.09488675900553913 0
0.091497991408837 0
0.0894994475249041 0
0.08761829964449472 0
0.08447810515578834 0
0.08013757420577731 0
0.07730599755180388 0
0.07900588016231512 0
0.0826998807309543 0
0.08299822673144477 0
0.07983783867839282 0
0.07834473767628675 0
0.08252001774467208 0
0.087025591070879 0
0.0876705728544103 0
0.08664108436285825 0
0.08869298528124832 0
0.09264417954206997 0
0.09614961947935527 0
0.09854085610718076 0
0.10055806331121823 0
0.1032046400062464 0
0.1066657537992094 0
0.11039387337372854 0
0.11415438146358416 0
0.12143252246244747 0
0.13056193998716487 0
0.13619808736186154 0
0.13583634309940806 0
0.13067142136958732 0
0.1263349636617637 0
0.12625617819810633 0
0.13183762691110495 0
0.14092391663421933 0
0.15099031688090792 0
0.16045115989649572 0
0.16737033717776906 0
0.17019598358567284 0
0.16841280526706814 0
0.16260955373862698 0
0.15755295956452184 0
0.15826859516706546 0
0.16242480180646268 0
0.16482696221986132 0
0.16223040166283945 0
0.15471929125714828 0
0.14581940410884794 0
0.13944814566219688 0
0.13541308161515125 0
0.1312120346621513 0
0.12628769440552898 0
0.1215779585965448 0
0.1180795076518117 0
0.11560795855841187 0
0.11301477526225093 0
0.10982982548880547 0
0.10689923143681856 0
0.1033528445754066 0
0.09855396807813628 0
0.09355668663032198 0
0.0898213854633364 0
0.08744564374216136 0
0.08522518305187818 0
0.08198534526626923 0
0.07759193407793083 0
0.07381047743449687 0
0.07344817693992439 0
0.07670452604087 0
0.07824989228591887 0
0.07592440710566113 0
0.07328145342141752 0
0.076140446073802 0
0.08149639538507213 0
0.08355529546932106 0
0.08186646733363431 0
0.08197754196251629 0
0.08656904598822547 0
0.0917147082020599 0
0.09530583132610332 0
0.09769904739852243 0
0.10039803359586057 0
0.1041362232802484 0
0.10848705649454972 0
0.11258410098261894 0
0.11819430589934705 0
0.12772727018881552 0
0.136124882460939 0
0.13916030711658306 0
0.13622727050109654 0
0.1309115568603744 0
0.12866490377211867 0
0.13178676640579656 0
0.1394675123809077 0
0.14886887291221162 0
0.15841913846729666 0
0.1664405360241755 0
0.17105528323228014 0
0.17122904694525254 0
0.16691746135281602 0
0.16063536379835033 0
0.1586393082632647 0
0.1619270064688718 0
0.1655871360233791 0
0.16534487226125613 0
0.15973777642404413 0
0.15084944124142707 0
0.1428883078532994 0
0.13789465112550536 0
0.13373017305716225 0
0.12895595445485752 0
0.12411115880730247 0
0.12022516205579495 0
0.11768134444504524 0
0.11551224937893916 0
0.11271279558920674 0
0.10955461912998024 0
0.10707725067611737 0
0.10386888564216792 0
0.09921905211324253 0
0.09438774645402824 0
0.09089780175932884 0
0.08876234435049722 0
0.08678233537897037 0
0.08361658675905803 0
0.07924690215325814 0
0.07622235419217245 0
0.07753766571570192 0
0.08115736160734001 0
0.08164046799064306 0
0.07860363820928694 0
0.07691154933651828 0
0.08096771555010225 0
0.08569396415644172 0
0.08659284592794937 0
0.08529467245371959 0
0.08721057961521443 0
0.09145407810106504 0
0.09532757179935818 0
0.09800357621440996 0
0.10018064802070642 0
0.10296484182942216 0
0.10664495163870104 0
0.11065575931606184 0
0.1151651235442642 0
0.1235419599885418 0
0.13281182079801354 0
0.13798690206384154 0
0.13710772288484488 0
0.13179648166934524 0
0.12784101817155025 0
0.12873135144078182 0
0.13505073221521693 0
0.14406272351230495 0
0.15368952488298834 0
0.16245683980730127 0
0.16845394146865064 0
0.17023137561841076 0
0.16738122020035434 0
0.16105437418443433 0
0.15698773234382715 0
0.15878277491966786 0
0.1627895585770105 0
0.16413249978822267 0
0.16028082199380064 0
0.15213059429157502 0
0.14354389064313494 0
0.13780259985905302 0
0.133905717150164 0
0.12964813791160867 0
0.12485459927738447 0
0.12049037385420965 0
0.11739970631659248 0
0.11517969017871332 0
0.11268547582476328 0
0.1096440539603511 0
0.10695972606661408 0
0.103597975179318 0
0.09895125796757913 0
0.09421226688786634 0
0.09083729103805918 0
0.08879605649443573 0
0.0868122669091405 0
0.08362365793191562 0
0.07917149885607752 0
0.0755762634069346 0
0.07566728369668159 0
0.07903937195175686 0
0.08029402107700719 0
0.07778504338632028 0
0.07534139295114006 0
0.07844595621513116 0
0.08354557974823383 0
0.08518493822564234 0
0.0834268227686383 0
0.08419915179536393 0
0.08862249501124064 0
0.09313291968843854 0
0.09622174794016866 0
0.0984136953728534 0
0.1010348740128935 0
0.1046439344042157 0
0.10876592980940132 0
0.11253940895152127 0
0.11780217606349325 0
0.12683453962839322 0
0.13486018936111474 0
0.1377161279650734 0
0.1346856370256951 0
0.12927354767939694 0
0.12690459871371804 0
0.12962793330109618 0
0.13711074307358326 0
0.1466167017691206 0
0.15640789123143412 0
0.16473258908033753 0
0.16965801468766145 0
0.1701253863563806 0
0.16606497378276774 0
0.1597407923782214 0
0.1574430445411461 0
0.16060440607088886 0
0.16441838138944598 0
0.16451292419584965 0
0.15925280452988466 0
0.1505169015092429 0
0.1424649105356384 0
0.13739883553812335 0
0.13331992674849533 0
0.12862697074473586 0
0.12376823326648805 0
0.11977885490077593 0
0.11711366861752115 0
0.11487764747175508 0
0.1120605155637964 0
0.10904157690252746 0
0.10631644622264863 0
0.10250652722337204 0
0.09755679199914592 0
0.0929676170156361 0
0.08990802022030757 0
0.08788366412889867 0
0.08550828285693206 0
0.08182090133981164 0
0.0774232289112249 0
0.07502632466722793 0
0.07703716249032827 0
0.08025343634558607 0
0.07983860584634737 0
0.07650613429745189 0
0.07600681416298079 0
0.08092025065690372 0
0.08508227210890493 0
0.0851125197565257 0
0.08371285073361583 0
0.0863270975338723 0
0.0910687322770058 0
0.09500092555775888 0
0.09752398052152593 0
0.09970936448202286 0
0.10271424233119056 0
0.10656590232333996 0
0.11058609015072332 0
0.11476158638751895 0
0.1226953424398942 0
0.1319886325737153 0
0.13739785281012906 0
0.13673281950030106 0
0.1314795946890289 0
0.1273871963154808 0
0.12781564559521438 0
0.133798198285937 0
0.1428585952846949 0
0.15272260206570526 0
0.16187364546465907 0
0.16838036698317738 0
0.17073812813878553 0
0.1684808661422256 0
0.16240764537486646 0
0.1577578323481756 0
0.15898472872470576 0
0.1631079577188652 0
0.1650742825241894 0
0.16196524088910266 0
0.1541898574201603 0
0.14534862175491056 0
0.1390710268086978 0
0.1348726468906882 0
0.1304667670648646 0
0.1255255617521494 0
0.1209905776496362 0
0.11774202342645156 0
0.1154449509049098 0
0.11295702771503535 0
0.10985177707750088 0
0.10714473608266582 0
0.10405061340311954 0
0.09958101954925742 0
0.09464309380283206 0
0.09084254236801872 0
0.08849495275031853 0
0.08650690596770197 0
0.08355543214987378 0
0.07928968766232164 0
0.07552996367698628 0
0.07534852853767603 0
0.07884120173122658 0
0.0804694563862641 0
0.07813806077023659 0
0.07539408557770966 0
0.07810991857646289 0
0.08343689371617885 0
0.08556067042112865 0
0.08407098176041951 0
0.08455376475888603 0
0.08870995265263218 0
0.09318968956605332 0
0.09631188397038604 0
0.09848638401665276 0
0.10100846635342137 0
0.10448659703900012 0
0.10852785391075348 0
0.1123219156757703 0
0.1176506599740958 0
0.12684916797324627 0
0.13498079637406069 0
0.1378258653956163 0
0.1347191235394807 0
0.12931758752110895 0
0.12692853183861116 0
0.12984866511108967 0
0.13756676445011626 0
0.14719831444836176 0
0.15702308089287034 0
0.16531909369801592 0
0.17018975524544475 0
0.17059849230350482 0
0.16648506549838996 0
0.16015994514981666 0
0.15790245954746698 0
0.1610738656724507 0
0.1648512454862437 0
0.164856726825979 0
0.1594775781506866 0
0.15067482925827247 0
0.14268024144549346 0
0.13767078017448345 0
0.13354104132166858 0
0.12874854962125654 0
0.1237702107846368 0
0.11965120635402215 0
0.11687380063077273 0
0.1145584584899797 0
0.11167703791739156 0
0.10856233902489193 0
0.10581012042800833 0
0.10204580498914642 0
0.09711160142545472 0
0.09244476293408403 0
0.08924557958919968 0
0.08712002615933569 0
0.08476225283650372 0
0.08115692096470374 0
0.07673024345013775 0
0.07408794408091204 0
0.07577268399221991 0
0.07908164594286253 0
0.07897450277112451 0
0.0757565675157635 0
0.07487485402626624 0
0.07959816043244138 0
0.08401973314264756 0
0.08434521829236342 0
0.08273139756390196 0
0.08508777720933552 0
0.08997176055199547 0
0.09416082815544727 0
0.09688365224028248 0
0.09913003553981567 0
0.10214569172891058 0
0.10607343296786503 0
0.11024230869653556 0
0.11436026263305947 0
0.12220786420906428 0
0.13196847928317734 0
0.13803693562222366 0
0.1379470061215797 0
0.13294602020154458 0
0.12866726635895118 0
0.12883606170620615 0
0.13453726315041206 0
0.14339161746755952 0
0.15310807689033765 0
0.1622172964270589 0
0.16880819481490586 0
0.1713281639589111 0
0.16926345294654946 0
0.16330431578410926 0
0.15845159677822396 0
0.15938706918545487 0
0.16346714634331178 0
0.1655792331424614 0
0.16265017449142838 0
0.1549471891375562 0
0.14606594994520672 0
0.13977796916113713 0
0.13566793478609124 0
0.13136638427454955 0
0.12643359300036866 0
0.1218257577325784 0
0.11848754205289296 0
0.116162662277172 0
0.11367534300713646 0
0.1105021657719834 0
0.1076807755961922 0
0.10466154168918283 0
0.10030140440805237 0
0.0953333698952754 0
0.09135957981209372 0
0.08887022480188622 0
0.08690751902460192 0
0.08412107809959354 0
0.07994397751481655 0
0.07587164792359201 0
0.07493500778338166 0
0.07806945688823352 0
0.08022664007398843 0
0.07844108235620176 0
0.07536151960202238 0
0.07711196680534445 0
0.08241133349105287 0
0.08504507513265475 0
0.0837318168169036 0
0.08348416213021899 0
0.0874540066983474 0
0.09223103963529976 0
0.0956876347792312 0
0.0979850886780124 0
0.1004438084630452 0
0.10388908108878704 0
0.10802306121097094 0
0.11198347278493816 0
0.11701026734346512 0
0.12604652775882158 0
0.1345834528169207 0
0.13811919776365927 0
0.13565543966938953 0
0.13026342381803474 0
0.12752841953518748 0
0.12998606369976487 0
0.1373348418491505 0
0.14672440225000194 0
0.15642757770803506 0
0.1648010258587519 0
0.1699143453164886 0
0.17061985342463498 0
0.16678086128638914 0
0.1604114956093182 0
0.15774876992802686 0
0.16067980321163935 0
0.16457364000774213 0
0.16492226068514906 0
0.15989452334665274 0
0.15120295763180486 0
0.14302853195755022 0
0.13787497513006602 0
0.13381905366011956 0
0.1291595526306465 0
0.1242649227066229 0
0.12017795178643348 0
0.11744450049976307 0
0.11522187169165753 0
0.11244483125986554 0
0.10929514633489584 0
0.10664799665927743 0
0.1031571834394046 0
0.09835805140909387 0
0.09357666988003414 0
0.0902020508370058 0
0.08806501203618841 0
0.08589708631985908 0
0.08252256039420709 0
0.07809126296607087 0
0.07506049098982116 0
0.07624141986801583 0
0.07972686903011783 0
0.08013432532331681 0
0.07708348790993988 0
0.07551957781104142 0
0.07970468179261896 0
0.08441461052332526 0
0.08522228225901346 0
0.08361372703205043 0
0.08548674853766187 0
0.090106231238283 0
0.09429226466834917 0
0.09710622230217876 0
0.09935174316657233 0
0.10224919221063687 0
0.10607191828437083 0
0.11022963348501114 0
0.11439758843154026 0
0.12230038645179313 0
0.1321517567459567 0
0.13833745028097524 0
0.13834231343505554 0
0.13335930716071034 0
0.1289543578427596 0
0.12907406179363795 0
0.1348296617202488 0
0.14371568117068573 0
0.15342032247264714 0
0.1625340083027771 0
0.16917113974006515 0
0.1717464400733441 0
0.16971806195722408 0
0.16375502126907873 0
0.15881746251933704 0
0.15963896565663438 0
0.1636615111540682 0
0.16578647869949226 0
0.1629300284993268 0
0.1553094591344995 0
0.14643952135425528 0
0.1400800601658714 0
0.13592104713109107 0
0.1316230056942223 0
0.1266816827616667 0
0.12203129029041525 0
0.11861074685047746 0
0.11625643554890185 0
0.11380924583595345 0
0.11068689000532128 0
0.10787875068598124 0
0.10488655759498652 0
0.10056435192549708 0
0.09562824744364372 0
0.09167724758265017 0
0.08921267067047821 0
0.087279469833502 0
0.08451470339841555 0
0.08033341818392951 0
0.07620374850798718 0
0.07513320997013828 0
0.07817066148872034 0
0.08041030785623952 0
0.07874100286606839 0
0.07562863516548582 0
0.07717136869576609 0
0.08238434969071116 0
0.08504702626639163 0
0.0837403276294919 0
0.08336913274389718 0
0.08729634351483705 0
0.09210442523284501 0
0.09562563051030117 0
0.09800142797408916 0
0.10050550701473844 0
0.10398327471362837 0
0.10773764207796792 0
